SampleNumber	0	1	2	3	4	5	6	7	8	9	10	11	12	13	14	15	16	17	18
SampleName	None	TS278_1789541_CLL_RNA_seq	TS278_1789541_CD3_RNA_seq	TS239_70911769_CLL_RNA_seq	TS239_70911769_CD3_RNA_seq	TS324_71147278_CLL_RNA_seq	TS324_71147278_CD3_RNA_seq	TS336_71410405_CLL_RNA_seq	TS336_71410405_CD3_RNA_seq	TS336_77265737_HUTSPOS_RNA_seq	TS336_77265737_HUTSNEG_RNA_seq	UD214_76788661_HUTSPOS_RNA_seq	UD214_76788661_HUTSNEG_RNA_seq	CT879_76313007_HUTSPOS_RNA_seq	CT879_76313007_HUTSNEG_RNA_seq	VALLO75_76330113_HUTSPOS_RNA_seq	VALLO75_76330113_HUTSNEG_RNA_seq	FR52_77252459_HUTSPOS_RNA_seq	FR52_77252459_HUTSNEG_RNA_seq
L3T1101	91.65798	0.3505476	0.5805453	0.5265058	0.4551289	0.5595074	0.494518	0.2891574	0.3074579	0.4084906	0.5616366	0.4880292	0.3871992	0.4270445	0.4594886	0.4462068	0.5211829	0.4762175	0.6031548
L3T1102	91.69156	0.3467693	0.5778316	0.5152533	0.4539818	0.5610435	0.4959017	0.2911777	0.3000241	0.4074376	0.5707947	0.4842406	0.3989933	0.4231199	0.4470454	0.4499607	0.5116343	0.4714736	0.6017571
L3T1103	91.71407	0.3372899	0.5808712	0.5171473	0.4577868	0.5532203	0.5079135	0.2921352	0.3092838	0.4064931	0.5618454	0.4849303	0.3864526	0.424352	0.4601713	0.4277006	0.5107547	0.4716883	0.5958889
L3T1104	91.66133	0.3387079	0.5726307	0.5145346	0.4602055	0.5731082	0.4970793	0.2900027	0.3113311	0.4152143	0.5644601	0.4819584	0.3957959	0.4278415	0.4724614	0.4348449	0.5145346	0.4693842	0.6045702
L3T1105	91.70684	0.3362648	0.5673588	0.513496	0.4632309	0.5583382	0.4999911	0.296741	0.2994524	0.4071781	0.560841	0.4796557	0.3861127	0.4284	0.456661	0.4415919	0.5155816	0.4759536	0.606309
L3T1106	91.66599	0.3420122	0.572385	0.5178188	0.454665	0.5618772	0.5017637	0.29358	0.3061148	0.4132203	0.5613971	0.4817614	0.384737	0.4344494	0.4565319	0.4415435	0.5275799	0.4742405	0.6083358
L3T1107	91.68042	0.3458435	0.5779521	0.5113896	0.4623409	0.5641914	0.5036753	0.2875166	0.3085226	0.4101646	0.5721142	0.4947099	0.3869173	0.4160025	0.4588485	0.4396669	0.5185828	0.4558253	0.6053173
L3T1108	91.73134	0.3410534	0.5790802	0.5176927	0.4595966	0.5500844	0.4983621	0.2892789	0.3027058	0.4149796	0.554264	0.4819051	0.3911038	0.4227641	0.4535884	0.4339967	0.5052584	0.4652912	0.607658
L3T1109	91.65505	0.3515811	0.5895878	0.5206396	0.4501714	0.5552766	0.498598	0.2951196	0.305869	0.4057623	0.572215	0.4824739	0.3946329	0.4192262	0.4654812	0.4421365	0.5173823	0.4666212	0.6121723
L3T1110	91.76568	0.342273	0.5750313	0.5044246	0.4505154	0.5583338	0.4957843	0.282904	0.3015628	0.4140459	0.5655429	0.4791397	0.3961821	0.4141519	0.4567173	0.4260257	0.5075521	0.4664708	0.5976657
L3T1111	91.6987	0.3391348	0.5820158	0.513618	0.4548403	0.5626699	0.4998221	0.2882857	0.3013416	0.4113913	0.5754615	0.4849163	0.3861781	0.4219099	0.4509288	0.4345429	0.5222866	0.4788376	0.5931159
L3T1112	91.64741	0.3502174	0.5708101	0.5160048	0.4474203	0.5771074	0.4948683	0.3019588	0.307695	0.4134398	0.5754239	0.4843936	0.3785241	0.4146245	0.4671228	0.4435546	0.5221774	0.4739812	0.6132701
L3T1113	91.61486	0.3374142	0.5761395	0.5114214	0.4519726	0.5505374	0.4966057	0.3023276	0.3129899	0.4219072	0.5778752	0.4868112	0.3881224	0.4263705	0.4701358	0.4535223	0.520658	0.4824719	0.6178591
L3T1114	91.67886	0.3396646	0.567427	0.5285671	0.4684781	0.5412326	0.4935212	0.2947598	0.3033954	0.4083172	0.5673551	0.4836623	0.385433	0.4310574	0.4627931	0.4486164	0.5294306	0.4596986	0.6077262
L3T1115	91.76	0.3405467	0.5646592	0.5219356	0.4507089	0.5567106	0.497531	0.2911165	0.3039708	0.4127048	0.5608712	0.4767902	0.3870582	0.4161202	0.4597132	0.4302165	0.5165951	0.4587196	0.5940316
L3T1116	91.67405	0.340665	0.5932556	0.5282854	0.4565608	0.5661847	0.497194	0.2938135	0.3070542	0.4139442	0.5644157	0.4790752	0.3801725	0.4264343	0.4606884	0.4352257	0.5197084	0.4706055	0.592666
L3T1117	91.72303	0.3408802	0.5822309	0.515192	0.455626	0.5695054	0.4956977	0.2897075	0.3071441	0.4098685	0.5486573	0.4855173	0.3882622	0.4193449	0.4570339	0.4321245	0.5103185	0.4705175	0.5993426
L3T1118	91.71349	0.3364349	0.5934612	0.5081941	0.4493966	0.5619854	0.507768	0.2830165	0.3044265	0.4067364	0.5734892	0.4877428	0.3828232	0.4188793	0.4584505	0.4340048	0.5111766	0.4737358	0.5947927
L3T1119	91.62187	0.3396043	0.5820272	0.5281882	0.4552432	0.5770148	0.5056619	0.2944338	0.3127143	0.4121366	0.5749509	0.4860841	0.3820622	0.4182104	0.4624964	0.4413264	0.5178096	0.4796565	0.6085044
L3T1120	91.65546	0.3459334	0.5949294	0.5119488	0.4436311	0.5688622	0.5159132	0.2928215	0.3112857	0.402358	0.563866	0.4862618	0.3861746	0.4238091	0.4674717	0.4372229	0.5181941	0.4796907	0.5941691
L3T1121	91.67544	0.3455235	0.5957463	0.5286463	0.4567683	0.576011	0.5047043	0.2944195	0.3072474	0.4063394	0.5497838	0.4916686	0.3894605	0.4233221	0.4544831	0.4332937	0.5110403	0.4686095	0.5874887
L3T1122	91.70683	0.339291	0.5826798	0.5114414	0.4504428	0.5686964	0.5056608	0.2932117	0.3062592	0.4164201	0.5546028	0.4814926	0.3817918	0.4324405	0.4582052	0.4263846	0.5117166	0.4728493	0.599581
L3T1123	91.71553	0.3379246	0.5880546	0.5138974	0.4477912	0.5603962	0.5087491	0.2917544	0.3026534	0.4166276	0.5635181	0.4783523	0.3820136	0.4241858	0.4581973	0.432182	0.5077632	0.4673437	0.6030613
L3T1124	91.69819	0.3333179	0.590759	0.5159292	0.4503015	0.5702607	0.5092066	0.2890702	0.300201	0.4101866	0.5645851	0.4838041	0.3837922	0.4266072	0.4622589	0.4313461	0.5119067	0.475704	0.5925774
L3T1125	91.74458	0.3436678	0.5866279	0.5161543	0.4508465	0.5678132	0.5094658	0.2895619	0.3064734	0.4094106	0.5472584	0.4754253	0.387877	0.4222982	0.4447018	0.4361645	0.4992972	0.4764585	0.585921
L3T1126	91.72767	0.340345	0.594597	0.5198779	0.4525599	0.5698902	0.4911983	0.2917476	0.2986046	0.4112548	0.5623802	0.4861916	0.3709293	0.4172954	0.4532129	0.4357984	0.5133474	0.4641514	0.5989507
L3T1127	91.69295	0.3401183	0.5949784	0.5162827	0.4562523	0.571956	0.5029964	0.2861663	0.3073598	0.4163935	0.5587773	0.4827173	0.3815909	0.4290343	0.4560372	0.43167	0.5033192	0.4749177	0.5964846
L3T1128	91.75135	0.3337679	0.5860189	0.515448	0.4483424	0.5651722	0.4972415	0.286904	0.3065956	0.4009835	0.5556014	0.4778799	0.3814569	0.4181449	0.4584083	0.4266156	0.5194084	0.4752397	0.5954247
L3T1129	91.74046	0.3326945	0.5732479	0.5142045	0.4546067	0.5593325	0.4989031	0.2876773	0.306416	0.4157988	0.5616056	0.4724583	0.3886333	0.4208438	0.4631444	0.4304349	0.5123196	0.4738998	0.5933172
L3T1130	91.71595	0.3463844	0.5799821	0.5129273	0.4475558	0.5632044	0.4963179	0.290945	0.3020553	0.4120364	0.556078	0.4813919	0.3906574	0.4200044	0.4586101	0.4381289	0.5098972	0.4737044	0.6041667
L3T1131	91.74755	0.3333573	0.59412	0.5149804	0.4510578	0.5733942	0.502054	0.2910332	0.3102318	0.4027341	0.5534321	0.4802375	0.3861535	0.4170785	0.4547666	0.4328409	0.4994906	0.4690565	0.5864297
L3T1132	91.77827	0.345259	0.5779816	0.5002941	0.4407393	0.5679519	0.5066406	0.2856476	0.3020237	0.4041905	0.5513491	0.482898	0.3822045	0.4236832	0.4533756	0.4276497	0.5125904	0.4720183	0.5852347
L3T1133	91.69217	0.3455327	0.5924336	0.5119539	0.4484483	0.5782975	0.5094908	0.2901126	0.3110491	0.4051295	0.5599312	0.4862518	0.3916894	0.4224249	0.4530532	0.426655	0.5129177	0.4728653	0.5895957
L3T1134	91.74099	0.3400825	0.6002388	0.5185098	0.4450301	0.5657662	0.4891725	0.2971966	0.2984532	0.408099	0.5543482	0.4844742	0.3804554	0.4150919	0.4626215	0.4345954	0.5110252	0.4614742	0.5923719
L3T1135	91.70422	0.3331208	0.6014252	0.5213417	0.4555884	0.5698989	0.5049723	0.2899099	0.2979568	0.4100626	0.5691824	0.4873903	0.3794733	0.4198182	0.4530531	0.4247235	0.5126885	0.467769	0.5974017
L3T1136	91.74384	0.3331184	0.5999865	0.5111727	0.446416	0.5699551	0.5086656	0.2913519	0.3033004	0.4015023	0.5596602	0.4842885	0.3791522	0.4149977	0.4522835	0.4214521	0.5098925	0.47266	0.5963059
L3T1137	91.75604	0.3409873	0.5901161	0.5206939	0.4479116	0.5708773	0.5099635	0.298391	0.305382	0.4057489	0.549796	0.4844924	0.3742623	0.4079166	0.4473155	0.4312742	0.5049777	0.4720821	0.5817703
L3T1138	91.72868	0.3475491	0.5919715	0.5178117	0.4468644	0.5656181	0.4952153	0.2930455	0.2970203	0.4067898	0.5526047	0.4881369	0.3823966	0.4106557	0.4703865	0.4273172	0.5118767	0.4753958	0.5906647
L3T1139	91.74535	0.3429994	0.5901089	0.5025697	0.4566698	0.5636938	0.5004678	0.2940319	0.3107331	0.4047484	0.5638642	0.4816648	0.3853773	0.4177003	0.4514435	0.4208815	0.5085912	0.4660997	0.5930061
L3T1140	91.76983	0.3398326	0.5866922	0.5105364	0.4581722	0.5754994	0.4902882	0.2839813	0.2965802	0.4062581	0.5633505	0.4792641	0.3822977	0.4161572	0.452154	0.4297122	0.5127862	0.4609282	0.5856798
L3T1141	91.77273	0.336449	0.593714	0.5093803	0.45373	0.5661934	0.5006313	0.2888279	0.3077102	0.4036724	0.5529592	0.4765992	0.3755427	0.4278706	0.4649708	0.4232192	0.4975303	0.4653584	0.5829162
L3T1142	91.73444	0.3386462	0.5820993	0.5246338	0.4517727	0.5561016	0.5039371	0.2934746	0.2979861	0.405304	0.5641096	0.4773192	0.3894009	0.4192897	0.4475995	0.4354748	0.5117195	0.4748378	0.5918555
L3T1143	91.70568	0.3457423	0.5915747	0.5168957	0.4486934	0.5662875	0.5023091	0.2849178	0.3027146	0.4144515	0.5636405	0.4766276	0.3811106	0.4093264	0.4602388	0.4396824	0.513235	0.4647443	0.6121311
L3T1144	91.70574	0.3354327	0.5972396	0.5167922	0.4562214	0.5693653	0.505913	0.2932684	0.3017954	0.4046481	0.5641903	0.4860364	0.3834777	0.4188793	0.45728	0.4415786	0.5055602	0.4647484	0.5918294
L3T1145	91.71594	0.3391951	0.6018899	0.5073087	0.45444	0.57617	0.5138486	0.2883598	0.3025936	0.4025056	0.5675967	0.4814789	0.3806876	0.419982	0.4642224	0.4242136	0.5040663	0.4653215	0.590184
L3T1146	91.64527	0.3413847	0.5975925	0.5240357	0.4633965	0.5665678	0.5095951	0.287853	0.3114318	0.4058597	0.5629012	0.4928418	0.3879782	0.4112749	0.4636785	0.4362075	0.5188461	0.4721398	0.6011462
L3T1147	91.72259	0.3454233	0.5843373	0.5255993	0.4585931	0.5662508	0.503551	0.2911064	0.306724	0.406171	0.5572937	0.4724881	0.3952617	0.4129463	0.4611195	0.4241427	0.5095224	0.4647368	0.5921461
L3T1148	91.73256	0.3385963	0.613921	0.5124022	0.4494037	0.5709749	0.4984693	0.2909513	0.302644	0.4056381	0.567642	0.4796189	0.3785372	0.4147627	0.4525727	0.4266193	0.5060094	0.4698932	0.5887871
L3T1149	91.77595	0.334045	0.5916809	0.5112445	0.4483866	0.5656669	0.497911	0.2904526	0.3072692	0.3988077	0.5523879	0.4812033	0.3799775	0.4176923	0.4573663	0.4308081	0.5075982	0.4672167	0.5843338
L3T1150	91.75049	0.3315848	0.5858237	0.5162454	0.4445737	0.5695171	0.5156394	0.2849789	0.2986962	0.4111343	0.5667626	0.4855604	0.3876661	0.4108037	0.4526719	0.429369	0.5059987	0.46683	0.5856584
L3T1151	91.69582	0.3352326	0.6116194	0.5160366	0.4562488	0.5683994	0.505287	0.287081	0.3042582	0.4025008	0.5708928	0.4744788	0.3805583	0.4176832	0.4615682	0.4325332	0.5089441	0.4710988	0.5997616
L3T1152	91.75829	0.3328052	0.5962119	0.5221941	0.4507058	0.570971	0.5032222	0.2906272	0.3044849	0.4052283	0.5561785	0.4746819	0.3747633	0.4110024	0.4548851	0.431184	0.5034422	0.4700077	0.5891181
L3T1153	91.75052	0.3458105	0.6015396	0.513508	0.4506284	0.5710693	0.5079126	0.2861994	0.3064761	0.4086347	0.5499062	0.4843119	0.391793	0.4140086	0.4453653	0.4202135	0.505198	0.4589939	0.587911
L3T1154	91.73047	0.3366166	0.6008492	0.5104391	0.4577046	0.5784566	0.4978993	0.2935669	0.3123767	0.4058098	0.5628378	0.4895581	0.3849287	0.4126395	0.4557452	0.4135912	0.5008103	0.4749469	0.5807519
L3T1155	91.7311	0.3373411	0.5887943	0.5069542	0.4608775	0.5724928	0.5021303	0.2925397	0.3069005	0.4079809	0.5641758	0.4818366	0.3779284	0.4211219	0.4571626	0.4322668	0.5019085	0.4699154	0.5865764
L3T1156	91.75462	0.3360269	0.5907695	0.5162635	0.4488692	0.5622116	0.4978732	0.2874674	0.3001907	0.4056436	0.5576002	0.4835942	0.3814194	0.420867	0.4503694	0.4350348	0.5117076	0.4713155	0.5881582
L3T1157	91.73322	0.330779	0.6000178	0.5233672	0.4428153	0.5828195	0.5052897	0.2976462	0.3090751	0.3994624	0.5488624	0.4788054	0.3767145	0.4156717	0.4577059	0.4304523	0.5074326	0.466827	0.5930396
L3T1158	91.72425	0.3380819	0.5954119	0.5258678	0.4489265	0.5674485	0.5024436	0.2866383	0.3045147	0.4077941	0.5645906	0.4795237	0.3770288	0.4218038	0.4615913	0.4311062	0.5061421	0.4662986	0.5905365
L3T1159	91.778	0.3373451	0.5911205	0.5154116	0.4428247	0.5626321	0.4869232	0.2889539	0.3131495	0.4080365	0.5513148	0.4882055	0.3765376	0.4202458	0.4513545	0.4244829	0.5033695	0.4661283	0.5939638
L3T1160	91.73589	0.3412542	0.6121461	0.5125271	0.4507004	0.5599781	0.5088208	0.2874015	0.3046973	0.3974654	0.5611573	0.4812487	0.3761826	0.421949	0.4442425	0.4326746	0.5092701	0.4740047	0.5883925
L3T1161	91.74762	0.3353936	0.605061	0.5218973	0.4541591	0.5754954	0.4940084	0.2868814	0.3052691	0.4094474	0.5554869	0.477968	0.3859737	0.4159306	0.4509175	0.4242581	0.4999885	0.4722114	0.5820345
L3T1162	91.73955	0.3383215	0.596856	0.5229729	0.4459973	0.5749834	0.500763	0.284343	0.3081835	0.4096181	0.5592397	0.4842321	0.3800424	0.419739	0.4551062	0.4314906	0.4944093	0.4590984	0.5950567
L3T1163	91.74092	0.3377203	0.6127322	0.5149711	0.4552987	0.5861805	0.499018	0.2830713	0.3071941	0.4090402	0.5571447	0.4821264	0.3800596	0.4141187	0.4440929	0.4261525	0.4970307	0.4633029	0.5898238
L3T1164	91.73195	0.3405588	0.6010719	0.5180512	0.4468185	0.5836707	0.5056459	0.2903759	0.3087314	0.3970285	0.5508329	0.4874588	0.3847354	0.4119599	0.4556314	0.4294734	0.502334	0.465174	0.5884981
L3T1165	91.68128	0.3410754	0.610735	0.5197523	0.4612164	0.5827276	0.514107	0.2964062	0.3049016	0.4054758	0.5477048	0.4810024	0.3859091	0.4193425	0.4545846	0.4276734	0.5088453	0.4717945	0.5854681
L3T1166	91.69954	0.3365732	0.5958329	0.5041408	0.4538705	0.5740436	0.5109431	0.2865794	0.3041104	0.4075267	0.5694535	0.4864439	0.391323	0.4186979	0.4575205	0.4256661	0.5144271	0.4639356	0.5993723
L3T1167	91.66049	0.340492	0.611889	0.5267383	0.4503906	0.5798329	0.5117899	0.292657	0.3060552	0.4096977	0.5595141	0.4879831	0.3933097	0.4224315	0.4409233	0.4229851	0.5084126	0.4679412	0.6064633
L3T1168	91.71459	0.3392103	0.6072098	0.5167648	0.4494453	0.576135	0.50359	0.2870669	0.3022429	0.4030277	0.5490071	0.4913602	0.3757885	0.4129227	0.4626202	0.4347696	0.5118173	0.469013	0.5934235
L3T1169	91.67479	0.3421154	0.6015149	0.5252209	0.457709	0.5837862	0.4993688	0.2887096	0.3086887	0.4092431	0.5625446	0.4922334	0.3903617	0.422471	0.4569954	0.4253252	0.5013447	0.4761513	0.581426
L3T1170	91.72417	0.3353537	0.6068411	0.5235275	0.4513187	0.5719245	0.5063455	0.2893324	0.3071774	0.4103249	0.5604883	0.4760697	0.3869551	0.4200485	0.4578932	0.4317058	0.4938595	0.45828	0.5883884
L3T1171	91.67107	0.3365564	0.59741	0.5167348	0.4532114	0.5710397	0.5147235	0.2922521	0.3074485	0.4112536	0.5682463	0.4859508	0.3789612	0.4181814	0.456843	0.4329868	0.5088572	0.476062	0.6022148
L3T1172	91.95019	0.3343789	0.5499038	0.5093099	0.4407901	0.5595877	0.494615	0.2670414	0.2981202	0.3995768	0.5494533	0.4693916	0.3624737	0.4134835	0.4392136	0.4215347	0.4902234	0.4630294	0.5876825
L3T1173	91.69129	0.3368029	0.6108083	0.5152829	0.4598506	0.5823999	0.4985591	0.2931104	0.3087267	0.4044182	0.5642362	0.4805062	0.3935643	0.4194807	0.4571371	0.4303346	0.4883697	0.4717012	0.5934199
L3T1174	91.64437	0.344822	0.5937946	0.519114	0.4583589	0.5797007	0.5066485	0.2894011	0.310963	0.4145051	0.5670668	0.4928916	0.3981091	0.414842	0.4568989	0.4248368	0.5081085	0.4730142	0.6025541
L3T1175	91.65922	0.3370508	0.5934797	0.5243751	0.4647392	0.5691713	0.5037213	0.2894861	0.3058763	0.4046603	0.5640217	0.4887154	0.392257	0.4268092	0.4580946	0.436887	0.5105874	0.4634657	0.6073781
L3T1176	91.63124	0.3370018	0.6046522	0.5270033	0.4517091	0.5801522	0.5041291	0.2900761	0.3123336	0.4126324	0.5593523	0.487422	0.3903188	0.4257514	0.4616325	0.4408327	0.5115857	0.46993	0.6022414
L3T1177	91.73104	0.3308199	0.5907824	0.528241	0.4446816	0.5596256	0.5026663	0.2854803	0.3065552	0.4126705	0.5574042	0.49042	0.3794062	0.414721	0.452542	0.4377326	0.5068243	0.4681489	0.6002376
L3T1178	91.95957	0.3181088	0.563507	0.5086332	0.4492151	0.5578265	0.496761	0.2826056	0.2965228	0.4028621	0.5262996	0.4654613	0.3800832	0.402294	0.4449547	0.4319463	0.4855136	0.4351274	0.5927049
L3T1201	91.52246	0.3420629	0.5841967	0.5243238	0.4605404	0.5713555	0.5113769	0.3055473	0.3066042	0.4162038	0.5722539	0.4981658	0.3906271	0.4385571	0.4670403	0.4487032	0.5334131	0.4812555	0.6253098
L3T1202	91.57394	0.3456527	0.5693104	0.5226776	0.4513818	0.5754365	0.5126434	0.3049877	0.3057799	0.4172654	0.5810874	0.4896175	0.3848918	0.4337955	0.4704468	0.442351	0.5283813	0.4825935	0.6077573
L3T1203	91.56503	0.3447336	0.5778781	0.5229052	0.466395	0.5688661	0.5110306	0.2940547	0.3059292	0.4152389	0.5617626	0.4963995	0.4056438	0.4351712	0.4627902	0.4443952	0.5348328	0.4771563	0.609791
L3T1204	91.58252	0.3424538	0.586753	0.5249756	0.4627209	0.5729127	0.5151124	0.2912819	0.3107431	0.411549	0.5672388	0.4887576	0.3909212	0.4208819	0.4689782	0.445805	0.5204682	0.4735386	0.6223877
L3T1205	91.49705	0.3465493	0.6021408	0.5185666	0.4695564	0.5832537	0.5151423	0.3007494	0.3154096	0.4182455	0.5848053	0.4941685	0.3971647	0.4261642	0.4670952	0.4438207	0.5235426	0.482344	0.6142329
L3T1206	91.6329	0.3462175	0.5787446	0.515931	0.467017	0.5661182	0.4985299	0.2958181	0.3014947	0.4065908	0.5665426	0.4893519	0.390516	0.4179439	0.4614466	0.4335412	0.5326424	0.4874421	0.6112124
L3T1207	91.55111	0.344195	0.5941542	0.5228578	0.4700711	0.5750645	0.5086724	0.2898262	0.3089159	0.4179699	0.5693692	0.4960162	0.3938704	0.4305733	0.4607371	0.44787	0.5308734	0.4810925	0.6067577
L3T1208	91.50873	0.3526444	0.6055526	0.5296008	0.4650656	0.5740514	0.5110489	0.3009	0.3136907	0.4201923	0.5765355	0.4883744	0.392338	0.4363129	0.4727295	0.4484694	0.5225183	0.4759008	0.6053411
L3T1209	91.51082	0.3462865	0.5819316	0.5270896	0.4678858	0.575974	0.5130998	0.3038385	0.3082535	0.418895	0.5749633	0.4936844	0.3999583	0.4302783	0.4686305	0.4483107	0.5363452	0.4869289	0.6068259
L3T1210	91.55625	0.3523353	0.5946727	0.5201115	0.4661815	0.5657569	0.5077648	0.2905484	0.3038037	0.4203758	0.5659707	0.4986785	0.3942393	0.4320811	0.471473	0.439564	0.5284495	0.4764972	0.6152506
L3T1211	91.55313	0.342478	0.5980521	0.5291022	0.4609095	0.5796655	0.5128247	0.3038661	0.3028386	0.4107789	0.5690661	0.4924371	0.3888231	0.4145644	0.4649654	0.4456594	0.5259657	0.4787013	0.6261728
L3T1212	91.53083	0.34801	0.6040154	0.5223976	0.4528612	0.5772286	0.5102069	0.2978257	0.3082124	0.4244344	0.5732379	0.4905814	0.3930009	0.4347664	0.4769694	0.4346571	0.5213589	0.4906908	0.6087168
L3T1213	91.59109	0.3418176	0.6040189	0.5215787	0.45668	0.5828929	0.5097394	0.3018465	0.3194968	0.4187727	0.5673607	0.4805758	0.3887401	0.4286025	0.4528784	0.4381608	0.5226648	0.4716149	0.6014664
L3T1214	91.60143	0.3537603	0.6060223	0.5181758	0.4526686	0.5686282	0.5158016	0.291167	0.3080564	0.4162997	0.5673871	0.4846128	0.3823051	0.4250412	0.4652952	0.4402579	0.5142367	0.4719862	0.6168683
L3T1215	91.6114	0.3433048	0.6031978	0.5326269	0.4594662	0.5731458	0.5010103	0.2978761	0.303811	0.4092897	0.5645673	0.4930252	0.3865753	0.4220227	0.4598979	0.4439277	0.5203256	0.4738178	0.600716
L3T1216	91.56673	0.3412033	0.5944636	0.5167606	0.4620564	0.5848808	0.5164868	0.2989841	0.3094978	0.4134852	0.5623201	0.4862599	0.3961813	0.4345126	0.4605779	0.4360459	0.5196629	0.4765128	0.6233764
L3T1217	91.56518	0.340482	0.6043377	0.5297424	0.4637098	0.5680006	0.5065239	0.3021689	0.3110061	0.4171083	0.5721174	0.4938444	0.38884	0.4319286	0.4707357	0.4430712	0.5171177	0.4697477	0.6043377
L3T1218	91.55102	0.3485889	0.5864495	0.5292565	0.4701793	0.5762523	0.5053707	0.2918947	0.3051954	0.4196921	0.5783028	0.4956723	0.3781829	0.4417491	0.4636952	0.4478452	0.5245459	0.4784368	0.6076752
L3T1219	91.59541	0.3490929	0.5994519	0.520142	0.4602022	0.5763154	0.5066367	0.2942647	0.301098	0.4090865	0.5686211	0.4930238	0.3829368	0.4364738	0.4708019	0.4403478	0.512932	0.4780119	0.6051554
L3T1220	91.59559	0.3459521	0.600249	0.51276	0.4606021	0.5795806	0.5115697	0.2955796	0.3080239	0.4181832	0.575198	0.4905226	0.3908598	0.420131	0.4618465	0.4393385	0.5287212	0.4674194	0.5978683
L3T1221	91.58892	0.3432494	0.5971494	0.5185198	0.4648123	0.5781586	0.5103032	0.2931876	0.3122873	0.40969	0.5714112	0.4805382	0.3976099	0.4244364	0.4686214	0.4446788	0.5138402	0.4813545	0.6012305
L3T1222	91.64467	0.3484991	0.6028325	0.5118379	0.4603477	0.5787536	0.5088818	0.2861519	0.307651	0.415361	0.5604257	0.4891564	0.3797264	0.4191234	0.4563167	0.4362688	0.5183414	0.4724947	0.603155
L3T1223	91.56483	0.3470179	0.5844859	0.5123876	0.4614073	0.5776116	0.5089779	0.2957076	0.3120411	0.4122419	0.5853109	0.5003987	0.3957984	0.4287403	0.4638821	0.4481535	0.5163472	0.4852201	0.5994446
L3T1224	91.53241	0.3477208	0.5998884	0.523369	0.4626375	0.5813499	0.5094513	0.2938106	0.3099836	0.4106527	0.5740886	0.5009797	0.3958549	0.4340871	0.465388	0.4434389	0.5274947	0.4742447	0.6131459
L3T1225	91.64539	0.3461474	0.5927836	0.5181094	0.4569385	0.5651807	0.5113307	0.2931651	0.3043364	0.4148563	0.5637165	0.4904523	0.3764618	0.4274918	0.4603007	0.4358432	0.5223393	0.4716889	0.6034668
L3T1226	91.59687	0.3421231	0.5906159	0.5360792	0.4605379	0.5709071	0.5083249	0.2903943	0.310643	0.4147487	0.5778727	0.4792747	0.3870484	0.4347274	0.4713912	0.4379672	0.5116187	0.4731191	0.605735
L3T1227	91.60305	0.343143	0.5982494	0.5267096	0.4676772	0.5733965	0.509566	0.2939223	0.3055131	0.4126341	0.5709166	0.4863303	0.3795867	0.4257345	0.4625017	0.441153	0.5244993	0.4808853	0.5945296
L3T1228	91.57954	0.3452354	0.6012769	0.5247556	0.4592892	0.5861775	0.5087935	0.3001531	0.3139043	0.4155551	0.5715096	0.4978465	0.3784	0.4295759	0.466785	0.4303848	0.5211965	0.4740111	0.5956146
L3T1229	91.59028	0.3499013	0.5990528	0.5204135	0.4590379	0.5726945	0.5045114	0.3032297	0.3059526	0.4144356	0.5761799	0.4888816	0.3845919	0.4312636	0.4650284	0.4336598	0.5145319	0.4785888	0.6077663
L3T1230	91.5716	0.3505682	0.5988576	0.5271966	0.4620652	0.5788847	0.5136436	0.2966853	0.304861	0.4052742	0.5627527	0.4907625	0.393038	0.4240948	0.4645893	0.4501583	0.5229167	0.4734234	0.6086246
L3T1231	91.52684	0.3455691	0.5963066	0.529236	0.4683838	0.5712106	0.5144116	0.2990972	0.322694	0.4179698	0.5789282	0.486595	0.3896536	0.4412335	0.4635534	0.4464526	0.5221847	0.4693832	0.6102981
L3T1232	91.58258	0.3519435	0.6149811	0.5268752	0.4607958	0.5887413	0.5090087	0.2952507	0.3071439	0.4094363	0.5656482	0.4861289	0.3873565	0.4242628	0.4670891	0.4294361	0.520102	0.4809556	0.5922613
L3T1233	91.56794	0.3444516	0.609464	0.5270169	0.4654098	0.5809432	0.5143947	0.2930497	0.3114728	0.4144376	0.5701472	0.4878075	0.3902138	0.4256096	0.4680417	0.4335589	0.5172414	0.4893651	0.5894296
L3T1234	91.57384	0.3438492	0.599946	0.522129	0.457966	0.580575	0.5186322	0.2973921	0.308826	0.4171149	0.566921	0.4849411	0.3863655	0.4308244	0.4656811	0.4410927	0.521685	0.470177	0.612046
L3T1235	91.46744	0.353244	0.6119809	0.5329428	0.4653652	0.583132	0.5144253	0.2990464	0.3122571	0.4179988	0.5888341	0.4920124	0.3883595	0.4226282	0.4724222	0.4483156	0.532096	0.484786	0.6127149
L3T1236	91.57407	0.3432582	0.6219953	0.5265762	0.4586766	0.5870101	0.5180751	0.2956848	0.3103982	0.413392	0.5629238	0.4943157	0.3851096	0.4190049	0.4618373	0.4306122	0.5154594	0.4738804	0.6077179
L3T1237	91.60122	0.3446645	0.6147132	0.5226364	0.4569137	0.5800624	0.5132009	0.3023678	0.3152737	0.4113091	0.5650416	0.4779536	0.3907572	0.4233474	0.449105	0.4390189	0.5323429	0.4789839	0.5810927
L3T1238	91.53041	0.3495124	0.6122987	0.5323975	0.4607083	0.5764541	0.5189696	0.2966333	0.3171635	0.4179278	0.5712383	0.493834	0.3907947	0.4247527	0.4785751	0.4458378	0.5083716	0.4731374	0.6009793
L3T1239	91.53297	0.3523122	0.6084937	0.5212794	0.460313	0.5789022	0.5120843	0.3029373	0.3161448	0.4184613	0.5714346	0.4947529	0.3904302	0.4357927	0.467279	0.4362386	0.5100781	0.477533	0.6125619
L3T1240	91.5818	0.3481369	0.6076722	0.5141207	0.4564829	0.5900179	0.507961	0.3017737	0.3101334	0.4059948	0.5646088	0.4972914	0.40088	0.425849	0.4630276	0.4405335	0.5091159	0.4688574	0.6057473
L3T1241	91.63632	0.3439566	0.6099311	0.5237545	0.4585731	0.5877041	0.510097	0.2864877	0.3051798	0.4114411	0.5653164	0.4864774	0.3866432	0.4259556	0.464411	0.4302403	0.5121858	0.4686422	0.5866865
L3T1242	91.60991	0.3517961	0.6152086	0.519763	0.4584323	0.5717502	0.5105824	0.2939421	0.305024	0.4241544	0.5676216	0.4870062	0.3814022	0.4258928	0.4606052	0.4369747	0.503792	0.4816282	0.5945115
L3T1243	91.60623	0.3432849	0.6200134	0.525757	0.4533232	0.57713	0.5172674	0.2942519	0.3084557	0.4108208	0.5682594	0.4919074	0.3892158	0.4165349	0.457949	0.4310108	0.5160157	0.4827103	0.5898644
L3T1244	91.65864	0.3403764	0.6135239	0.5106717	0.4511567	0.5834718	0.5092254	0.2927537	0.3129491	0.4057839	0.5509019	0.484423	0.3851599	0.4284971	0.4547994	0.4391038	0.5127073	0.4776733	0.5881858
L3T1245	91.60134	0.3439941	0.6229499	0.5222233	0.4575046	0.58577	0.526165	0.2927518	0.3141649	0.4134534	0.5618534	0.4858423	0.3907619	0.4186202	0.4592624	0.4268765	0.5082142	0.472579	0.5956775
L3T1246	91.5865	0.3453707	0.6052872	0.5206531	0.455756	0.5853315	0.4995492	0.294634	0.308685	0.4179768	0.5759824	0.4970889	0.3820565	0.4332306	0.4519835	0.4314811	0.5166619	0.4870291	0.6047405
L3T1247	91.61896	0.3457187	0.6149147	0.5268589	0.4608854	0.5705862	0.5034102	0.2993132	0.3125953	0.4097245	0.5614035	0.4807267	0.3793341	0.4265048	0.4640556	0.4357969	0.5159271	0.468975	0.6043109
L3T1248	91.67593	0.3370189	0.6228011	0.5242279	0.4534903	0.5930956	0.50836	0.2861028	0.3131904	0.4130993	0.554254	0.4881645	0.3782647	0.4157706	0.4561616	0.423197	0.5023227	0.4659388	0.5886077
L3T1249	91.58693	0.3424527	0.6215802	0.5296821	0.4556882	0.5831309	0.5121475	0.296979	0.3115559	0.4113235	0.5613711	0.493134	0.3880321	0.4231013	0.4661456	0.4339284	0.5192247	0.4776064	0.5859829
L3T1250	91.63389	0.3354385	0.6092462	0.5252528	0.4545807	0.5887026	0.5148206	0.2933883	0.3095985	0.4155265	0.5527513	0.4838446	0.390382	0.4189504	0.4620706	0.4303457	0.5077587	0.4752848	0.5981719
L3T1251	91.63618	0.3530886	0.6243351	0.5214541	0.4592519	0.576984	0.5083249	0.2898103	0.3077822	0.4153984	0.5758002	0.4773853	0.3783246	0.420833	0.4518802	0.4329398	0.5020294	0.4717892	0.5964087
L3T1252	91.727	0.3403153	0.6275726	0.5111283	0.4479516	0.5733612	0.5110758	0.2881486	0.3051356	0.4019715	0.551079	0.477102	0.3792174	0.4142399	0.4507303	0.4209508	0.5061475	0.4779408	0.5889326
L3T1253	91.69606	0.3386109	0.6157092	0.5162081	0.4535299	0.5812176	0.5161022	0.2883306	0.3037485	0.4002295	0.5601306	0.4958099	0.3772351	0.4272506	0.4549074	0.4214225	0.4999425	0.4637555	0.5898008
L3T1254	91.68625	0.338751	0.6142564	0.5268522	0.4535845	0.5855085	0.514298	0.2926488	0.3102668	0.4117549	0.5442064	0.4825962	0.3764661	0.4185067	0.4477294	0.4311664	0.5137705	0.469409	0.5819744
L3T1255	91.66019	0.33344	0.6328642	0.5212414	0.4451686	0.5838242	0.5131474	0.2917534	0.3031802	0.4067619	0.5631396	0.4860088	0.387294	0.4154378	0.456278	0.4431054	0.5030961	0.4693447	0.5847235
L3T1256	91.66789	0.3430961	0.6314081	0.5220502	0.4620661	0.5807211	0.4982036	0.2889423	0.3071687	0.4005063	0.5526725	0.486648	0.3850113	0.413165	0.4622762	0.4295004	0.512438	0.4719934	0.5842403
L3T1257	91.66324	0.348578	0.6266271	0.5136095	0.4575288	0.5831217	0.5105593	0.2896612	0.3038419	0.4096889	0.5665865	0.4857832	0.3853944	0.4135953	0.4584385	0.4295419	0.5158035	0.4617562	0.5766468
L3T1258	91.64196	0.3395122	0.6319649	0.5189695	0.4605	0.5995754	0.5000931	0.2884566	0.3046514	0.4093917	0.5569852	0.4936257	0.3820499	0.4237462	0.4588174	0.4209594	0.5064553	0.4734348	0.5888489
L3T1259	91.75144	0.337916	0.620152	0.5059407	0.4559636	0.588683	0.5103474	0.2901162	0.3046324	0.3999208	0.5521852	0.4803301	0.3778355	0.4113782	0.4488611	0.4276571	0.5077034	0.4664878	0.5624502
L3T1260	91.67162	0.3410368	0.6196354	0.5231353	0.4515165	0.5853648	0.5043569	0.292213	0.303167	0.401858	0.5515637	0.490586	0.3929383	0.4136989	0.4502124	0.4308081	0.5128071	0.4762936	0.5871905
L3T1261	91.57699	0.3346786	0.6486314	0.5221091	0.4617824	0.6008353	0.516822	0.2973511	0.3137413	0.4035705	0.565887	0.4807105	0.384801	0.4213355	0.4647432	0.4301122	0.5067763	0.479283	0.5898379
L3T1262	91.63372	0.3493053	0.6326733	0.5168502	0.4586764	0.5840465	0.5143323	0.2970066	0.3106976	0.4043843	0.5568218	0.4972316	0.3913227	0.4243176	0.4521718	0.4221669	0.5007986	0.4710036	0.5824728
L3T1263	91.62476	0.3436314	0.6421274	0.5257311	0.4569632	0.5858769	0.5148757	0.2982363	0.3062869	0.3949995	0.5725804	0.4848547	0.3779114	0.4131783	0.4598199	0.4312013	0.5126943	0.4703117	0.5839552
L3T1264	91.66495	0.3442894	0.6310936	0.5150345	0.4555796	0.5877075	0.5130648	0.2991409	0.3031322	0.4159775	0.5557252	0.4931083	0.3785006	0.4106384	0.4425171	0.4248931	0.5083996	0.4760026	0.5802432
L3T1265	91.58476	0.3540739	0.6435239	0.5205403	0.4604056	0.5857383	0.5084298	0.291799	0.3137753	0.4063262	0.5627702	0.4915691	0.388526	0.4201593	0.456856	0.4303383	0.5164164	0.4755959	0.5884005
L3T1266	91.63984	0.3466281	0.6197496	0.5172574	0.4555848	0.5901906	0.5082906	0.2922541	0.3025241	0.4126277	0.5629775	0.4965087	0.388699	0.4204476	0.456054	0.4242532	0.5019826	0.4690349	0.595091
L3T1267	91.61244	0.3388848	0.623956	0.5303443	0.4566055	0.594722	0.513557	0.298773	0.3036366	0.4153431	0.558114	0.4847936	0.3766433	0.4199453	0.4624105	0.4357913	0.4995414	0.4734974	0.6009976
L3T1268	91.54494	0.353494	0.6384058	0.5301373	0.4671578	0.5987713	0.5165453	0.2925897	0.3147414	0.4165772	0.5610044	0.4953274	0.3949442	0.4189117	0.4617626	0.4226987	0.5049247	0.4762364	0.5908341
L3T1269	91.55433	0.3463987	0.6340399	0.5259531	0.4632888	0.5912219	0.5226714	0.290454	0.3174888	0.4138553	0.5666354	0.491209	0.3840077	0.4261486	0.4530791	0.4395357	0.5104302	0.4781344	0.5911177
L3T1270	91.60189	0.3382229	0.6235075	0.5232991	0.4550721	0.5870019	0.5243912	0.3008853	0.3136258	0.406658	0.5714532	0.4877295	0.3923573	0.4217906	0.4605323	0.430163	0.5037982	0.4643285	0.5932942
L3T1271	91.55786	0.3565851	0.6333927	0.5288567	0.4568649	0.5872494	0.5304138	0.2980366	0.3078466	0.4026245	0.5655014	0.4996343	0.381655	0.413784	0.4641834	0.4299264	0.5133891	0.474201	0.5979937
L3T1272	91.50852	0.3550044	0.6375268	0.5324804	0.4568994	0.5853187	0.5211353	0.2935523	0.3131434	0.4166141	0.5717677	0.5004937	0.3887768	0.4262784	0.4636749	0.4345771	0.5095277	0.4782239	0.6064856
L3T1273	91.49991	0.3502269	0.631	0.5270569	0.4681136	0.6022149	0.5273738	0.302692	0.3096109	0.4135012	0.5691517	0.488712	0.3900506	0.4248568	0.4645748	0.434575	0.5086767	0.4748213	0.6128839
L3T1274	91.53121	0.3476702	0.6434116	0.5202388	0.4597607	0.5847805	0.5199749	0.2998577	0.3131038	0.4122119	0.5800837	0.4864111	0.3850337	0.4266718	0.4633492	0.4408151	0.5024542	0.4822948	0.6006653
L3T1275	91.52601	0.3474014	0.6295833	0.5252634	0.4613524	0.5957696	0.5186682	0.2913419	0.3133784	0.4128827	0.5651489	0.4934911	0.3929923	0.4200537	0.4687328	0.4405199	0.5191393	0.4779976	0.6002711
L3T1276	91.45816	0.3492315	0.6357105	0.5407525	0.4747901	0.5869208	0.5211724	0.2955201	0.3137627	0.423807	0.5703901	0.499185	0.3924575	0.4305477	0.4638766	0.4499673	0.5086005	0.4767695	0.6083733
L3T1277	91.46277	0.3519881	0.6381162	0.5284392	0.4643533	0.5963959	0.5209661	0.3003754	0.3144614	0.4259664	0.5667724	0.4911812	0.392902	0.4254287	0.471934	0.4376868	0.5150521	0.4859662	0.6092453
L3T1278	91.48301	0.342741	0.6249284	0.5181899	0.4719509	0.5970554	0.5214849	0.2923427	0.3042806	0.4183655	0.5883586	0.5005801	0.3939496	0.4299793	0.4698982	0.4368935	0.5147327	0.4801615	0.6110999
L3T1301	91.54128	0.3538555	0.6152168	0.5193938	0.4625658	0.5875874	0.5106437	0.2931755	0.3164298	0.413727	0.5627163	0.4988026	0.3923273	0.4261388	0.4625658	0.4335098	0.5273355	0.4794002	0.6033281
L3T1302	91.53068	0.3434009	0.6201272	0.5266959	0.4538986	0.5912493	0.5167646	0.2970227	0.3107144	0.4165839	0.5629017	0.4861029	0.3974927	0.4250689	0.473038	0.4339878	0.5199465	0.4786304	0.6156918
L3T1303	91.58135	0.3454938	0.6100207	0.5237069	0.4575871	0.5912589	0.5007918	0.2980881	0.3082089	0.4024953	0.5597028	0.4959223	0.3921834	0.4339081	0.46661	0.4361997	0.5210812	0.4722433	0.6031462
L3T1304	91.54803	0.3576821	0.617599	0.5174151	0.4606233	0.5906059	0.5100138	0.3006967	0.3106135	0.4091527	0.5759	0.4920184	0.385304	0.4267127	0.4641063	0.4428698	0.5177054	0.4800215	0.5929279
L3T1305	91.55458	0.3505695	0.6202791	0.5180236	0.4619325	0.5879929	0.5020733	0.3016584	0.3126453	0.4070943	0.5625014	0.4888215	0.3930715	0.4211171	0.475377	0.4294536	0.5170598	0.4833763	0.6123762
L3T1306	91.63111	0.3432252	0.6192401	0.5250686	0.4545363	0.5858275	0.5109621	0.2903621	0.3088497	0.408606	0.5633919	0.493967	0.3821744	0.4165981	0.4645986	0.4326303	0.5151026	0.4636838	0.5900642
L3T1307	91.63406	0.3475885	0.62198	0.5142339	0.4601169	0.5907493	0.5095493	0.2912268	0.3081597	0.4119044	0.5518572	0.4850527	0.3897989	0.4176626	0.4580185	0.432546	0.5102813	0.4715844	0.5936283
L3T1308	91.54228	0.3496465	0.6364213	0.5291168	0.4582929	0.5821975	0.5256378	0.2949754	0.3180864	0.4116734	0.5544643	0.4920896	0.3891091	0.4226076	0.46376	0.4394562	0.5150515	0.4848829	0.5902491
L3T1309	91.63148	0.3550298	0.6285288	0.5197888	0.4650308	0.582695	0.5084395	0.2976042	0.3100205	0.4045981	0.5497141	0.4779806	0.3834515	0.417548	0.4560095	0.4379185	0.5128046	0.4848193	0.5765353
L3T1310	91.56107	0.3452334	0.6301408	0.5195032	0.459848	0.5990434	0.5104471	0.2976051	0.3098715	0.4080031	0.5647357	0.4910412	0.3799723	0.4277923	0.4650708	0.4337818	0.5189761	0.4835663	0.5942997
L3T1311	91.58587	0.3428967	0.6234224	0.5154279	0.4498805	0.5848736	0.5190374	0.2968884	0.3141175	0.4075298	0.5598962	0.4920388	0.3883276	0.4292827	0.4557038	0.439726	0.5174011	0.4865524	0.5911299
L3T1312	91.54607	0.3461291	0.6311566	0.5220917	0.4535035	0.5962829	0.5208358	0.2951226	0.3054591	0.4168426	0.5643556	0.5034473	0.386799	0.43085	0.4600242	0.4307051	0.5135423	0.4798278	0.5969591
L3T1313	91.52383	0.3525078	0.6342165	0.5247298	0.4660265	0.595289	0.509802	0.2999004	0.3124283	0.4043952	0.5596734	0.50625	0.3832275	0.4293069	0.4681385	0.4316589	0.5247298	0.4789383	0.594953
L3T1314	91.60105	0.3504199	0.6358229	0.5170649	0.4627002	0.5897112	0.5102993	0.2979745	0.3071392	0.4091511	0.561881	0.4834768	0.3878947	0.4191796	0.4577099	0.4309834	0.5166811	0.4776229	0.5832335
L3T1315	91.5158	0.3543884	0.6443827	0.5237973	0.4621048	0.6047934	0.5183452	0.2971656	0.3152411	0.4149021	0.5582783	0.4909372	0.3894097	0.4174562	0.460975	0.4373	0.5208502	0.4752685	0.5986045
L3T1316	91.52438	0.3517477	0.627124	0.528988	0.466866	0.5976978	0.5120057	0.2967505	0.3065593	0.4118689	0.5596829	0.4953162	0.3961554	0.4248984	0.4678908	0.4374399	0.5143481	0.4836043	0.596673
L3T1317	91.54515	0.349794	0.6384699	0.5202137	0.4643073	0.5945976	0.5230564	0.2912818	0.3037896	0.4169764	0.5642282	0.5007886	0.3936189	0.4265942	0.4611804	0.4298159	0.513865	0.4817899	0.5804789
L3T1318	91.53684	0.3476226	0.6284823	0.5185635	0.4718937	0.592552	0.5197512	0.3011509	0.308129	0.4129008	0.5736466	0.4847118	0.3839488	0.4270552	0.4543245	0.4367059	0.5264325	0.4830786	0.5922056
L3T1319	91.47827	0.3462697	0.6483826	0.5209513	0.4560881	0.5933486	0.5141656	0.3054558	0.3136884	0.4103346	0.5717941	0.501642	0.3934702	0.4369285	0.4662167	0.4337851	0.5302816	0.4759961	0.6029284
L3T1320	91.5868	0.3448021	0.6257955	0.5254057	0.4586588	0.5875984	0.5240835	0.3037157	0.306703	0.4196782	0.5568448	0.481626	0.3855456	0.4179642	0.4588546	0.4355936	0.5163461	0.4755047	0.5884799
L3T1321	91.58648	0.3434706	0.6209493	0.5240342	0.4630172	0.5883191	0.5201322	0.2981103	0.3072311	0.4166325	0.5566156	0.4854047	0.3840511	0.4200467	0.4577983	0.436874	0.5067192	0.4813564	0.6027563
L3T1322	91.62385	0.3588405	0.6094304	0.5165321	0.4576736	0.5874075	0.5053981	0.2947828	0.3145985	0.4143636	0.553613	0.4947545	0.3842477	0.4158841	0.4629709	0.4283916	0.5052509	0.4815604	0.5904485
L3T1323	91.68279	0.3497878	0.6025962	0.5212105	0.4573942	0.5803807	0.5148556	0.286292	0.2978803	0.402069	0.5554416	0.4974997	0.3820964	0.4160605	0.4568602	0.4348049	0.512399	0.4709585	0.5786184
L3T1324	91.59963	0.3548025	0.6149104	0.5168914	0.4594702	0.5890708	0.5185032	0.2936036	0.3046345	0.4180665	0.5585469	0.4841009	0.3867367	0.4295508	0.4539799	0.4354944	0.5113508	0.4680834	0.6025698
L3T1325	91.6032	0.3408799	0.6239752	0.5161106	0.4564492	0.588366	0.5097888	0.2987021	0.3110492	0.4082459	0.5626346	0.4810941	0.3983188	0.4235564	0.462524	0.4293348	0.515024	0.4782789	0.5924653
L3T1326	91.6153	0.3474411	0.6251768	0.5224452	0.4465196	0.5835115	0.5187921	0.2965443	0.3071087	0.4094454	0.5667269	0.4896165	0.385552	0.4214908	0.4629586	0.4261806	0.5189402	0.4681915	0.5880532
L3T1327	91.55519	0.345413	0.6303465	0.537469	0.4618572	0.5935825	0.5106278	0.2998673	0.3160415	0.4107051	0.5592496	0.4877557	0.3918022	0.4229598	0.4621549	0.4359091	0.5088913	0.4805121	0.589663
L3T1328	91.59712	0.3423415	0.6286053	0.520431	0.4603234	0.6012704	0.5150417	0.2944691	0.3064615	0.4018665	0.5566024	0.4848908	0.3911851	0.4240063	0.4607604	0.4340081	0.5060596	0.4818806	0.5926767
L3T1329	91.64228	0.3453133	0.6288776	0.5083111	0.4603056	0.5893295	0.512732	0.2998065	0.3049482	0.4034581	0.5576622	0.4865428	0.3765001	0.4172495	0.4576626	0.4350294	0.516288	0.4811608	0.5765472
L3T1330	91.59615	0.3438566	0.621208	0.5244552	0.4644527	0.5836202	0.5202186	0.2991749	0.3196191	0.4113963	0.5574615	0.4815963	0.3885382	0.4234165	0.4635167	0.4347963	0.5017449	0.4745517	0.5902215
L3T1331	91.56985	0.3502506	0.6429112	0.5206648	0.4696127	0.5956567	0.5189823	0.3050632	0.3078994	0.4137052	0.5543631	0.4921102	0.389381	0.4264443	0.4573544	0.4350491	0.5058107	0.4704299	0.5744571
L3T1332	91.58979	0.3433926	0.6536764	0.5282385	0.4623496	0.5990586	0.5173432	0.3006094	0.3135712	0.4135082	0.5446286	0.4832011	0.385988	0.4171713	0.4488713	0.4291469	0.5038178	0.483342	0.5822928
L3T1333	91.53331	0.3442318	0.6494794	0.526384	0.4756465	0.5992739	0.5244977	0.2910275	0.3090203	0.4138811	0.5621276	0.4929137	0.3855861	0.4240867	0.4578956	0.4352112	0.5170974	0.4694554	0.5888749
L3T1334	91.54262	0.3543966	0.6352942	0.5215117	0.4603696	0.5954555	0.5187932	0.301855	0.3140142	0.4089154	0.5642172	0.5022349	0.3776276	0.4242874	0.460073	0.431751	0.5165195	0.47243	0.5976303
L3T1335	91.53201	0.349709	0.6518545	0.5235274	0.4677699	0.6077288	0.5210315	0.2918323	0.3131652	0.410835	0.5550794	0.4960725	0.3957183	0.4285418	0.4557613	0.4317441	0.5052084	0.4779419	0.5844651
L3T1336	91.57745	0.3437477	0.6652946	0.5205297	0.4561286	0.6114435	0.5202086	0.2997587	0.313382	0.4067728	0.561629	0.489797	0.3875992	0.4181026	0.461266	0.4199832	0.5060349	0.4653943	0.5754816
L3T1337	91.59279	0.3439638	0.6435467	0.5198701	0.4574609	0.6038275	0.5210593	0.2922575	0.3112846	0.4093697	0.54608	0.4894742	0.3831598	0.4166952	0.4535128	0.4359127	0.511403	0.4768211	0.5915074
L3T1338	91.54979	0.3483637	0.634465	0.5273202	0.4545057	0.6124058	0.5166726	0.2998525	0.3122668	0.4112945	0.5586424	0.4990539	0.3907632	0.4150665	0.4623363	0.4276718	0.5130916	0.4838703	0.5825638
L3T1339	91.54098	0.3539607	0.6482776	0.5296162	0.4641429	0.5940296	0.5167528	0.2895473	0.3046751	0.4176515	0.553175	0.4958437	0.3886004	0.4271907	0.4648655	0.4260344	0.5118869	0.4849074	0.5878629
L3T1340	91.61352	0.3448926	0.6474923	0.5184149	0.4539464	0.6030006	0.5143915	0.3012898	0.3124712	0.397899	0.548965	0.4926837	0.3875129	0.4214782	0.4563324	0.4237239	0.5040054	0.4813619	0.5766144
L3T1341	91.63875	0.3442723	0.6417265	0.5180066	0.4584499	0.5902549	0.5083234	0.2943989	0.3011677	0.4112559	0.5542953	0.4836452	0.3854496	0.4115849	0.4565697	0.4254047	0.5137761	0.4780515	0.5846142
L3T1342	91.6039	0.3415732	0.6337635	0.5300307	0.4536639	0.6062065	0.5145567	0.2997362	0.3186011	0.4019885	0.5523342	0.4846595	0.3937262	0.4190385	0.456816	0.4333185	0.5023304	0.4721944	0.5815628
L3T1343	91.60869	0.3495133	0.6438778	0.5143442	0.4630803	0.6025635	0.5108855	0.3068251	0.3114682	0.4036199	0.5582643	0.4854431	0.3802622	0.4094475	0.4558787	0.4298204	0.5022626	0.4809421	0.5828065
L3T1344	91.63696	0.3410912	0.6545139	0.5176589	0.4579504	0.5997347	0.5196119	0.2948684	0.309656	0.4038223	0.5580225	0.4805504	0.3824314	0.4182844	0.4519517	0.4176798	0.5009647	0.4817129	0.5725311
L3T1345	91.671	0.3334607	0.6460802	0.5216866	0.4557515	0.591033	0.5091164	0.294909	0.3082736	0.404723	0.5476682	0.4913125	0.3821995	0.4102371	0.4457514	0.42977	0.5049108	0.480191	0.5719207
L3T1346	91.54629	0.3449688	0.6471309	0.5119719	0.4558771	0.5955446	0.5222702	0.3032062	0.3168265	0.4194771	0.5601413	0.4944126	0.3941823	0.4273076	0.4646567	0.42745	0.5075583	0.4764262	0.5842972
