SampleNumber	0	1	2	3	4	5	6	7	8	9	10	11	12	13	14	15	16	17	18
SampleName	None	TS278_1789541_CLL_RNA_seq	TS278_1789541_CD3_RNA_seq	TS239_70911769_CLL_RNA_seq	TS239_70911769_CD3_RNA_seq	TS324_71147278_CLL_RNA_seq	TS324_71147278_CD3_RNA_seq	TS336_71410405_CLL_RNA_seq	TS336_71410405_CD3_RNA_seq	TS336_77265737_HUTSPOS_RNA_seq	TS336_77265737_HUTSNEG_RNA_seq	UD214_76788661_HUTSPOS_RNA_seq	UD214_76788661_HUTSNEG_RNA_seq	CT879_76313007_HUTSPOS_RNA_seq	CT879_76313007_HUTSNEG_RNA_seq	VALLO75_76330113_HUTSPOS_RNA_seq	VALLO75_76330113_HUTSNEG_RNA_seq	FR52_77252459_HUTSPOS_RNA_seq	FR52_77252459_HUTSNEG_RNA_seq
L4T1101	91.72374	0.3431126	0.5957759	0.5046294	0.4453678	0.5871772	0.5027702	0.2970049	0.3075092	0.4116701	0.5531076	0.4824121	0.3793668	0.4144589	0.4624723	0.4290535	0.5005392	0.4696302	0.5901984
L4T1102	0	0	0	0	0	0	0	0	0	0	0	0	0	0	0	0	0	0	0
L4T1103	91.75861	0.3475223	0.6281025	0.5018122	0.449162	0.5831629	0.4980348	0.2883687	0.302388	0.3976801	0.543208	0.4865078	0.3814411	0.4081556	0.4549644	0.427549	0.5064463	0.4693731	0.5675081
L4T1104	91.79333	0.3472886	0.6076484	0.5055982	0.4413516	0.5766689	0.4983477	0.289013	0.30933	0.3921876	0.531072	0.4883055	0.3866043	0.4180879	0.4583341	0.4139779	0.4970682	0.4669417	0.5788402
L4T1105	91.82463	0.3444149	0.6131646	0.5105091	0.4396884	0.5806762	0.5000513	0.2883965	0.3032758	0.3871303	0.5348081	0.4850952	0.3860922	0.4113908	0.4470319	0.4248475	0.4886323	0.4639873	0.5661814
L4T1106	91.83482	0.3352871	0.6188499	0.5004442	0.442925	0.5796946	0.4879537	0.2915897	0.299225	0.3949206	0.5381508	0.4795353	0.3818819	0.413676	0.4500905	0.4189228	0.4979383	0.4612106	0.5728816
L4T1107	91.79648	0.340964	0.6119747	0.5045798	0.4504325	0.5797367	0.4965986	0.2904161	0.3071611	0.4036404	0.5336488	0.4801666	0.387091	0.4065747	0.4509411	0.4221851	0.4985548	0.4708942	0.5679604
L4T1108	91.76562	0.342012	0.632864	0.5102766	0.4399458	0.5907789	0.5060038	0.293461	0.3110816	0.3944198	0.5357999	0.4829762	0.3830383	0.4125319	0.4494367	0.4198675	0.4975717	0.4729181	0.5593948
L4T1109	91.7574	0.3371706	0.6101389	0.5113899	0.4340623	0.5929275	0.5089134	0.2917894	0.3019429	0.4032922	0.528849	0.4658229	0.3892383	0.4219276	0.4500355	0.4315239	0.5099659	0.4682375	0.5853742
L4T1110	91.78362	0.3394061	0.6451224	0.5103632	0.4407376	0.5976572	0.5047482	0.2926896	0.3027591	0.3943579	0.5346573	0.479406	0.3832403	0.4022189	0.450021	0.4110157	0.49393	0.4739407	0.5601118
L4T1111	91.75846	0.3451555	0.6242624	0.50959	0.4506447	0.5821923	0.5066466	0.2939414	0.3029676	0.4026094	0.5402792	0.4802351	0.3818491	0.4141081	0.4530779	0.4208581	0.4909096	0.4714051	0.5708114
L4T1112	91.78837	0.3344703	0.6164997	0.513326	0.4452321	0.5817377	0.5048639	0.2907298	0.3034428	0.3976777	0.5359312	0.4799544	0.3778534	0.4131319	0.4478542	0.4258051	0.5016459	0.4708964	0.5705741
L4T1113	91.8126	0.3371056	0.6181443	0.5074202	0.4533502	0.5835724	0.4989632	0.2891826	0.3063706	0.3927025	0.5372547	0.4791911	0.3839323	0.4127096	0.4360838	0.4223021	0.4931295	0.4694029	0.5665801
L4T1114	91.59256	0.3458568	0.6158802	0.523573	0.4667093	0.600541	0.508597	0.3009739	0.3041053	0.410844	0.556702	0.4824569	0.3826617	0.4256839	0.4651663	0.4270454	0.5160396	0.4752865	0.5993157
L4T1115	91.59805	0.3473145	0.6301475	0.5197412	0.4581145	0.5901295	0.5001506	0.293908	0.3070012	0.4049542	0.5598576	0.4820367	0.3847729	0.4242494	0.4605264	0.4396561	0.5157542	0.4839564	0.5996787
L4T1116	91.73435	0.3506002	0.6034559	0.5115982	0.4483843	0.5819632	0.5070152	0.299713	0.3023996	0.4096262	0.5361331	0.4850088	0.3817726	0.4194639	0.4470014	0.4142882	0.5156676	0.469956	0.5816076
L4T1117	91.73309	0.3498239	0.6074645	0.5218831	0.4498726	0.5857839	0.4982872	0.3010425	0.2947258	0.3958341	0.5459682	0.482801	0.3810407	0.4095271	0.4566783	0.4262766	0.499469	0.4743244	0.5861099
L4T1118	91.79484	0.3462254	0.6014744	0.5074928	0.4475054	0.5892193	0.5024971	0.2909995	0.2982198	0.3982509	0.5435555	0.4866904	0.3847859	0.4053541	0.4444221	0.4149552	0.4994138	0.4670979	0.5770032
L4T1119	91.79169	0.3469789	0.6200572	0.5061402	0.443993	0.5808663	0.5005977	0.2985504	0.2981966	0.3952894	0.5472966	0.4786634	0.3796838	0.4151403	0.449339	0.4178133	0.5017376	0.4608565	0.5671082
L4T1120	91.78955	0.3377914	0.6173252	0.5063508	0.4539505	0.5829326	0.5020764	0.2952459	0.2997182	0.4006796	0.5393977	0.4766283	0.3822366	0.406537	0.4457976	0.4196371	0.5026701	0.4701772	0.5712969
L4T1121	91.75558	0.3413049	0.6092866	0.5127724	0.4513506	0.5828757	0.5015641	0.2954525	0.3052343	0.4006888	0.5451748	0.4855055	0.3861383	0.4138128	0.4500056	0.4213937	0.5092265	0.4656158	0.5670209
L4T1122	91.78537	0.3420327	0.6203096	0.504486	0.4505514	0.5786716	0.5004277	0.2893561	0.3099722	0.3903263	0.5385757	0.4864672	0.3802618	0.4081422	0.4502267	0.4212505	0.503228	0.4703152	0.5700274
L4T1123	91.74344	0.3344893	0.6086277	0.5195461	0.4623738	0.5813005	0.4996906	0.290609	0.3026214	0.396285	0.5484006	0.479092	0.3869145	0.4146545	0.4478846	0.4254697	0.5044378	0.4732303	0.580929
L4T1124	91.79676	0.3344856	0.6009707	0.5159178	0.4509266	0.5753086	0.5022091	0.2971209	0.3063158	0.391912	0.5501062	0.4844462	0.3817558	0.4146067	0.4439468	0.4212521	0.495898	0.4598289	0.5762281
L4T1125	91.79964	0.3406179	0.6210369	0.5104724	0.4438693	0.5789348	0.502333	0.290459	0.3003338	0.3956523	0.5310897	0.4789062	0.3859428	0.4115594	0.4500669	0.4194096	0.4984078	0.4665937	0.5746792
L4T1126	91.83146	0.3389848	0.6226518	0.5088433	0.4446583	0.5803499	0.5053046	0.2965609	0.3052247	0.3898692	0.5321907	0.4828114	0.3801072	0.4017869	0.4435194	0.4135013	0.5016846	0.4570235	0.5634698
L4T1127	91.79611	0.3505753	0.6122207	0.5060481	0.4406573	0.5791344	0.4985996	0.2960898	0.3016865	0.3910278	0.5426736	0.4899988	0.3803694	0.4060072	0.4498754	0.4123035	0.4986819	0.4746902	0.5732496
L4T1128	91.75436	0.3431155	0.6246482	0.5106319	0.4385871	0.5886258	0.5053804	0.296631	0.3104573	0.4012108	0.5370949	0.482733	0.3800815	0.4123293	0.4387102	0.4248018	0.4981185	0.4760045	0.5764816
L4T1129	91.80644	0.3363781	0.6168667	0.5066287	0.4399111	0.5888803	0.5020892	0.2899423	0.3031443	0.4066773	0.5376136	0.4781009	0.3846047	0.4137571	0.442743	0.4143818	0.490803	0.4728951	0.5681404
L4T1130	91.80917	0.3385744	0.6146458	0.5148512	0.4427729	0.5846266	0.5053162	0.28496	0.3037473	0.4030166	0.5397797	0.4886299	0.3815224	0.4098447	0.4424496	0.4201878	0.4889531	0.4585703	0.5683847
L4T1131	91.79331	0.3372688	0.6154875	0.5203645	0.4529589	0.5806197	0.501846	0.2887031	0.3062173	0.406	0.5367539	0.4729637	0.3816167	0.4043128	0.4529589	0.4179305	0.5045374	0.4619169	0.5642303
L4T1132	91.80974	0.3412066	0.6274385	0.5096528	0.4531347	0.5813691	0.4940984	0.2939894	0.3081981	0.3903631	0.528888	0.4843621	0.3765898	0.403899	0.4466834	0.4158121	0.4980563	0.4690452	0.5674771
L4T1133	91.54402	0.3527535	0.6441725	0.5306101	0.4630829	0.5939938	0.5178606	0.3062176	0.316827	0.4125399	0.5576119	0.4875348	0.3889988	0.419962	0.4569358	0.4237414	0.5164035	0.4815243	0.5852057
L4T1134	91.85186	0.3447882	0.6207779	0.5080755	0.4436116	0.5814076	0.5011161	0.287761	0.312775	0.3916349	0.5340042	0.4809537	0.3710351	0.4020143	0.4388792	0.4117177	0.4914525	0.4655238	0.560609
L4T1135	91.81281	0.3433003	0.63163	0.5065571	0.4357455	0.5878899	0.5002522	0.287778	0.3066532	0.3925177	0.5428889	0.4758602	0.3787258	0.4057973	0.4457939	0.4252242	0.4929622	0.4671122	0.5605031
L4T1136	91.78559	0.3412494	0.6201438	0.5107453	0.4391129	0.5834039	0.5046699	0.294165	0.3068084	0.3865277	0.5440779	0.4911233	0.3843931	0.4095978	0.4520847	0.415427	0.4919854	0.4665343	0.5723615
L4T1137	91.80006	0.340715	0.6279878	0.5087061	0.4432017	0.5817494	0.5075753	0.2896601	0.3051148	0.3877492	0.5450184	0.4744462	0.3793726	0.4061775	0.4561853	0.4125437	0.4963508	0.4654414	0.5719489
L4T1138	91.85988	0.3431557	0.623093	0.5023275	0.4414027	0.5810169	0.5010765	0.2900706	0.298369	0.3886095	0.5354796	0.4741378	0.3783094	0.4075834	0.4382334	0.4199268	0.4847715	0.4663815	0.5661714
L4T1139	91.83444	0.3427199	0.6087448	0.5107695	0.436482	0.5813599	0.4967117	0.2905295	0.3037705	0.3942224	0.5409488	0.4821809	0.3784019	0.4026915	0.4461549	0.4206186	0.5004948	0.4640389	0.5647226
L4T1140	91.83746	0.3392843	0.6013487	0.5152237	0.4443221	0.5733189	0.4976679	0.2898822	0.305657	0.4024257	0.5376561	0.487321	0.3776187	0.4022561	0.4437285	0.4199391	0.5059794	0.4554323	0.5634809
L4T1141	91.77048	0.3396079	0.6192181	0.5227058	0.4540932	0.5878199	0.5035082	0.2903678	0.306854	0.3993432	0.5398042	0.4780136	0.3800145	0.4053779	0.4433356	0.4198526	0.5025899	0.4634515	0.5735638
L4T1142	91.78608	0.3430376	0.6229982	0.5170684	0.4408521	0.5774402	0.503328	0.2902659	0.3019453	0.4053418	0.5340721	0.4845208	0.3822407	0.4061146	0.4446736	0.4215726	0.4975742	0.4679894	0.5728887
L4T1143	91.83494	0.3392155	0.6219854	0.507927	0.4416013	0.5803391	0.4990891	0.2842707	0.3076577	0.3904084	0.53986	0.4811633	0.3766931	0.41292	0.444186	0.4111274	0.4985889	0.4626121	0.5654148
L4T1144	91.80157	0.3371281	0.6183236	0.5146555	0.4401338	0.5818079	0.5109294	0.2939055	0.303759	0.3947169	0.5582508	0.4784711	0.3778667	0.4037837	0.4500286	0.4200129	0.4875379	0.4607515	0.5663654
L4T1145	91.82518	0.3391164	0.6227966	0.5140908	0.4424698	0.5834603	0.4933606	0.2917514	0.3026262	0.4024538	0.5364776	0.4796821	0.3731852	0.4023688	0.4432769	0.4205502	0.4922137	0.4656638	0.5692721
L4T1146	91.81366	0.3340538	0.6368279	0.5129216	0.4457148	0.5957683	0.5033438	0.2912968	0.3126349	0.3906724	0.5334919	0.4888759	0.3650505	0.4011393	0.4378747	0.4222349	0.4843901	0.4631733	0.566873
L4T1147	91.81571	0.3388071	0.6206806	0.5153172	0.4385825	0.5908776	0.5004157	0.2900127	0.3039829	0.396186	0.5354423	0.4849877	0.3744816	0.402179	0.4480579	0.4162302	0.4994438	0.4600439	0.5685658
L4T1148	91.81932	0.3385535	0.6255976	0.5223766	0.4477225	0.5928631	0.5001625	0.2802464	0.3006801	0.3926524	0.5387236	0.4732951	0.3758603	0.4039011	0.4388611	0.4174967	0.489723	0.4699366	0.5720246
L4T1149	91.79023	0.3404576	0.6279968	0.5180361	0.4438035	0.5855315	0.5039491	0.2862326	0.3006055	0.3929676	0.5427395	0.4812056	0.3808405	0.4092187	0.4447426	0.4259599	0.4979876	0.4629537	0.5645438
L4T1150	91.80285	0.3367412	0.6310492	0.51565	0.4477729	0.5854104	0.5055927	0.28966	0.3003584	0.3935994	0.5372473	0.4853177	0.3748069	0.4009721	0.4509383	0.4104284	0.4989412	0.4694503	0.5632121
L4T1151	91.77543	0.3393236	0.6266377	0.5089647	0.4499213	0.587372	0.5095026	0.2886795	0.3083744	0.3981601	0.5402035	0.4790913	0.3837199	0.4042837	0.4479353	0.4262129	0.4869527	0.4734228	0.5658152
L4T1152	91.81114	0.330743	0.6394721	0.5127687	0.4510804	0.5978674	0.5025831	0.2863455	0.3036363	0.3924724	0.5339612	0.4885369	0.3728816	0.4078739	0.4398681	0.4115703	0.4886191	0.4672623	0.5613144
L4T1153	91.79933	0.3392495	0.6336748	0.5172457	0.4436496	0.5941336	0.5067204	0.288167	0.300074	0.4062216	0.53598	0.4814026	0.3769213	0.4008573	0.4433244	0.4138616	0.496764	0.4688047	0.5536171
L4T1154	91.81407	0.331695	0.6260942	0.5189507	0.4438276	0.5915384	0.5034517	0.2914548	0.3042957	0.395245	0.533959	0.478138	0.3813817	0.4075133	0.4501253	0.4143427	0.4881572	0.4637841	0.5619717
L4T1155	91.82999	0.3342266	0.6144933	0.5058433	0.4554943	0.5762751	0.5111581	0.2902473	0.3036358	0.397315	0.5377729	0.4822713	0.3775973	0.404415	0.4421463	0.4178035	0.4911565	0.4662051	0.5619534
L4T1156	91.80992	0.3355818	0.6368182	0.5044129	0.4511	0.5891344	0.5043721	0.2897743	0.3012772	0.3971344	0.5304779	0.4857309	0.370376	0.4107176	0.4417182	0.4145926	0.4936443	0.4666819	0.5665365
L4T1157	91.80145	0.3409907	0.6454972	0.5129592	0.4410803	0.6027573	0.4930623	0.2881612	0.3039818	0.3928113	0.5350758	0.4774435	0.3826813	0.4043135	0.4368427	0.4107709	0.495726	0.4717126	0.5626811
L4T1158	91.79915	0.3371656	0.6336522	0.5076086	0.438025	0.5995554	0.5072407	0.2871652	0.3086699	0.3953836	0.5304624	0.4833239	0.3734292	0.4068718	0.443994	0.4186872	0.4975104	0.4691782	0.5629239
L4T1159	91.78119	0.3410777	0.6273164	0.5103956	0.4464099	0.5880393	0.5116786	0.287232	0.3050288	0.4009246	0.5370494	0.485149	0.3736086	0.4111888	0.4469066	0.4218255	0.494751	0.4676419	0.5625858
L4T1160	91.70087	0.3382109	0.6353643	0.5163832	0.4553102	0.5930238	0.5112083	0.2894124	0.3159714	0.3944511	0.5469197	0.4763094	0.3866245	0.414937	0.4560373	0.4139106	0.5033389	0.4712628	0.58045
L4T1161	91.76959	0.3405832	0.6279398	0.5167612	0.4375018	0.5879785	0.5006357	0.2884345	0.2980103	0.4000277	0.541053	0.4915159	0.3845655	0.4029294	0.4487772	0.4280089	0.5039105	0.4664364	0.5653448
L4T1162	91.7591	0.3430676	0.6429247	0.5144379	0.4462087	0.5903935	0.5065889	0.2864484	0.3068068	0.3968661	0.5379032	0.4809569	0.378102	0.413995	0.4484162	0.4198817	0.489828	0.4702463	0.5678276
L4T1163	91.76502	0.337292	0.6423708	0.5202322	0.4499149	0.5949159	0.5053613	0.2930503	0.3150888	0.3934387	0.5457309	0.4836524	0.3724712	0.4101632	0.4433652	0.4123465	0.4941567	0.4586479	0.562785
L4T1164	91.72026	0.3423485	0.6534425	0.5160306	0.4465577	0.5877003	0.5038024	0.3000264	0.3093116	0.4075518	0.5333159	0.4892529	0.3864944	0.4078005	0.4437805	0.4180391	0.4913669	0.472465	0.5704565
L4T1165	91.75182	0.3472029	0.6448984	0.5196236	0.4442633	0.591849	0.5046411	0.2869879	0.3092581	0.3982573	0.5371303	0.4842438	0.3807913	0.4103492	0.4375456	0.4223596	0.4893736	0.4765489	0.5628611
L4T1166	91.73759	0.3298098	0.6265198	0.5210757	0.4507796	0.5931333	0.5060006	0.2936376	0.3079754	0.394084	0.5483584	0.4921134	0.372946	0.4115351	0.4452084	0.426897	0.5003883	0.4768334	0.5651132
L4T1167	91.73802	0.3391811	0.6333388	0.5156339	0.4422409	0.590868	0.5158849	0.2958733	0.3142844	0.3958368	0.542288	0.4854231	0.3801874	0.4102727	0.4438309	0.4228256	0.4987292	0.4668447	0.56844
L4T1168	91.71325	0.3399578	0.6439403	0.506408	0.4511111	0.5916126	0.5129059	0.2889211	0.3107386	0.4011932	0.5444919	0.4930679	0.3821728	0.4153079	0.4544246	0.4165128	0.4884634	0.4745208	0.571
L4T1169	91.81682	0.3349112	0.6269183	0.5186446	0.4462465	0.5798746	0.4961792	0.2924383	0.3011053	0.4023505	0.5389971	0.4816478	0.3763062	0.4042478	0.44284	0.4177443	0.4841487	0.471644	0.5669387
L4T1170	91.69188	0.3448014	0.6377885	0.5258825	0.4590341	0.5885248	0.5111615	0.2845752	0.3095427	0.4019401	0.5511184	0.4856124	0.3758541	0.4225226	0.4517408	0.4202406	0.497067	0.4709809	0.5697321
L4T1171	91.68389	0.3354423	0.6250509	0.5184023	0.4549187	0.5955095	0.5215858	0.2947117	0.3050582	0.4036075	0.5615674	0.4883459	0.3818845	0.4104428	0.4493007	0.4162949	0.5057617	0.4749563	0.5732715
L4T1172	91.73045	0.337313	0.6268843	0.517729	0.4488421	0.5912319	0.5061233	0.2901428	0.3065842	0.405013	0.5480182	0.481725	0.3843513	0.4118709	0.4462044	0.4216742	0.495221	0.4664265	0.5841981
L4T1173	91.73096	0.3448557	0.6273907	0.5142982	0.4511059	0.5862503	0.5192229	0.2932559	0.3072889	0.4015544	0.540316	0.4804359	0.3837299	0.4063048	0.4529363	0.4169385	0.4932487	0.4723734	0.5775341
L4T1174	92.32374	0.3128894	0.5636029	0.4934748	0.4253129	0.5272499	0.4707979	0.2594959	0.2875035	0.379391	0.5215698	0.4513979	0.3565393	0.3733176	0.4148264	0.4002328	0.4520096	0.4355372	0.5511066
L4T1175	91.76298	0.341009	0.6119106	0.5129559	0.4537317	0.5738847	0.509503	0.2887781	0.302109	0.3995339	0.5480096	0.4906212	0.377374	0.4095867	0.4446405	0.4233984	0.4956476	0.4724387	0.5818833
L4T1176	91.67662	0.342998	0.6218661	0.5276587	0.4550046	0.5907286	0.5163962	0.2828431	0.3087247	0.4032413	0.5451045	0.4930321	0.374268	0.4143713	0.4557554	0.4271354	0.5031904	0.4720087	0.5890503
L4T1177	91.73415	0.3434195	0.6122132	0.5201395	0.4570723	0.5841297	0.5112618	0.2855384	0.3069417	0.4037179	0.5429052	0.4847164	0.3744917	0.4052562	0.4550946	0.4179575	0.5073503	0.4698616	0.5837781
L4T1178	91.88471	0.3302603	0.5958505	0.5178127	0.4451943	0.5753926	0.4975356	0.2838802	0.2969317	0.394524	0.541206	0.465336	0.3784468	0.4010723	0.4414911	0.4176463	0.4951421	0.460549	0.5770184
L4T1201	91.64932	0.3508326	0.6217677	0.5062648	0.4557007	0.5789946	0.5089917	0.2991777	0.3095009	0.4091489	0.5562836	0.4830863	0.3897881	0.4211472	0.4555059	0.4287825	0.5160426	0.4673873	0.5922784
L4T1202	91.57296	0.3508633	0.6396735	0.5159142	0.4482376	0.5931049	0.5147972	0.2966295	0.3099183	0.4006289	0.5609421	0.4943825	0.3916927	0.4295177	0.4663412	0.436528	0.5076713	0.4792448	0.5909479
L4T1203	91.53891	0.3578044	0.6456454	0.5206557	0.4571433	0.5999502	0.5158942	0.3008583	0.3089221	0.4036148	0.5555607	0.4993057	0.3894454	0.4328366	0.4591017	0.4339118	0.5154718	0.4778789	0.5870865
L4T1204	91.58603	0.356376	0.6516331	0.5184133	0.453659	0.5963079	0.5070908	0.3018082	0.3126763	0.4095806	0.5551832	0.4895958	0.3901922	0.4146171	0.4606646	0.4248036	0.5073559	0.4789548	0.5850611
L4T1205	91.61406	0.3501624	0.6531615	0.5220194	0.4637215	0.6059609	0.5107347	0.2987252	0.3142839	0.4053486	0.5455635	0.4827667	0.3828542	0.4121344	0.4607597	0.4262308	0.5062733	0.4768432	0.5683953
L4T1206	91.54594	0.3570866	0.6611987	0.5210052	0.456641	0.616473	0.520816	0.3041877	0.3085392	0.4074503	0.5470006	0.4870258	0.3839145	0.4192561	0.4624683	0.429397	0.5110157	0.4857392	0.5748501
L4T1207	91.56152	0.3492291	0.6763603	0.519375	0.4552686	0.6056547	0.5194127	0.3065795	0.3068811	0.3976106	0.5412089	0.4855495	0.3901063	0.4243844	0.4594544	0.4284194	0.5082884	0.4882646	0.5764297
L4T1208	91.55391	0.3546867	0.6490602	0.5275104	0.4561577	0.6110566	0.5156632	0.3012972	0.3151446	0.4038836	0.5491663	0.494392	0.3795352	0.4258087	0.4546191	0.4371559	0.5175095	0.4773135	0.5761303
L4T1209	91.63098	0.3440391	0.6409401	0.5158664	0.456963	0.598262	0.5105605	0.3023607	0.3082818	0.4011355	0.5445876	0.4867992	0.3905621	0.4250506	0.4549637	0.4257811	0.5058313	0.4789172	0.5781149
L4T1210	91.54998	0.3540599	0.6439582	0.5175863	0.4648988	0.6001691	0.5116151	0.3081633	0.3158518	0.4053034	0.5515405	0.489096	0.3885995	0.4257149	0.4633377	0.4323497	0.5132932	0.4800806	0.5844018
L4T1211	91.5615	0.3514616	0.6607479	0.5181826	0.4555797	0.6076209	0.507231	0.3045483	0.3102571	0.4027634	0.5548045	0.4886288	0.387268	0.418686	0.454803	0.430492	0.5291731	0.4834636	0.5727854
L4T1212	91.55971	0.3534634	0.6642918	0.5104304	0.4570217	0.6134137	0.5199389	0.2936518	0.3166179	0.4048016	0.5521068	0.4937138	0.386053	0.4208664	0.4595522	0.425659	0.510277	0.4752336	0.5832012
L4T1213	91.59005	0.3453665	0.6567086	0.5173998	0.458985	0.60334	0.5209934	0.2991086	0.3095453	0.4088277	0.5415992	0.4888041	0.3905157	0.4207936	0.4582968	0.4258781	0.5089129	0.4732446	0.5816256
L4T1214	91.57433	0.3482333	0.6643802	0.5227788	0.4601655	0.6169328	0.5248452	0.2928715	0.3084664	0.406987	0.540401	0.4841426	0.3865187	0.4225428	0.4592298	0.4254279	0.5032853	0.4853122	0.5731502
L4T1215	91.57378	0.357058	0.6694789	0.5218245	0.4634059	0.6071555	0.5108375	0.2989456	0.3168999	0.4130648	0.5487369	0.4856478	0.3796444	0.4143281	0.453108	0.4252385	0.5051717	0.4861838	0.5694858
L4T1216	91.64208	0.3545991	0.6632267	0.515843	0.4498258	0.6054569	0.5077483	0.2991584	0.3162641	0.3968669	0.5400888	0.4928572	0.3872068	0.4182872	0.4512385	0.4203872	0.4994628	0.4731933	0.5662054
L4T1217	91.59651	0.3534705	0.6711764	0.5154367	0.4521461	0.6177951	0.5184361	0.2922301	0.3085938	0.3994483	0.5455064	0.4858606	0.3812242	0.422646	0.4580689	0.4209375	0.5083749	0.4773561	0.5747788
L4T1218	91.5779	0.3558537	0.6878833	0.5128764	0.4619021	0.6169137	0.5245178	0.3036804	0.3071612	0.4029219	0.5390598	0.4888203	0.3900042	0.4169998	0.4496032	0.4175025	0.5027821	0.4783005	0.5653205
L4T1219	91.57591	0.3543387	0.6730144	0.5246498	0.455165	0.6227704	0.5164199	0.2986832	0.3092807	0.4031547	0.5415983	0.4884982	0.3859808	0.4170592	0.4446427	0.4183369	0.5100689	0.4832746	0.5771486
L4T1220	91.62052	0.3427236	0.6767078	0.5184552	0.4657546	0.6153807	0.5068904	0.2995912	0.3088581	0.402996	0.5366876	0.4795795	0.3785857	0.4151258	0.4546042	0.4217558	0.5016166	0.4857951	0.5683682
L4T1221	91.58575	0.3483483	0.665693	0.5183681	0.4525527	0.6059937	0.5169449	0.2968038	0.3225376	0.405855	0.534293	0.4892878	0.3905455	0.4258573	0.4560916	0.4229339	0.5006737	0.4839025	0.5775673
L4T1222	91.56768	0.3540042	0.6676947	0.5260852	0.4623865	0.6033661	0.5192744	0.2962502	0.3039271	0.4018766	0.5476593	0.4857322	0.3813261	0.4188446	0.4567567	0.4353401	0.514432	0.4819921	0.5753749
L4T1223	91.57811	0.3545478	0.6630877	0.520192	0.4618079	0.6101648	0.5157916	0.3007999	0.3119581	0.4049168	0.5442371	0.4900177	0.3896332	0.4173323	0.4576825	0.4304157	0.5019617	0.4768165	0.5705218
L4T1224	91.61607	0.3487924	0.6556436	0.5196087	0.4585358	0.6168323	0.5199608	0.2959747	0.3073598	0.4007102	0.5505559	0.4812669	0.3810698	0.4195681	0.4432773	0.4198419	0.5043502	0.4812669	0.5793122
L4T1225	91.57484	0.3587284	0.6560685	0.5201063	0.4632197	0.6073883	0.5122585	0.2960654	0.3123187	0.4054567	0.5527325	0.491424	0.3854985	0.417806	0.4521451	0.428283	0.507757	0.4803893	0.5775108
L4T1226	91.55423	0.347459	0.679982	0.5239399	0.4517753	0.6167397	0.5283814	0.2999389	0.312831	0.4033119	0.5459116	0.4972123	0.3888868	0.4165971	0.4510678	0.4242616	0.500907	0.4781492	0.5784171
L4T1227	91.5873	0.3485994	0.6638879	0.5159302	0.4590144	0.6155522	0.5183761	0.2989049	0.3106297	0.3958092	0.5530458	0.49217	0.3850162	0.4169682	0.4513661	0.4274895	0.5004783	0.487317	0.5721471
L4T1228	91.64259	0.352682	0.6719499	0.517332	0.4513627	0.6121092	0.5112425	0.2956127	0.3129052	0.3966745	0.5370837	0.4999223	0.3810995	0.4097122	0.4498013	0.4213837	0.5049188	0.4709583	0.5606609
L4T1229	91.59064	0.3518634	0.6877329	0.5186724	0.4512422	0.6154115	0.5162655	0.3008929	0.3074922	0.3984472	0.5463898	0.4880435	0.3887422	0.4127717	0.4473214	0.4259317	0.5049689	0.4796972	0.5674689
L4T1230	91.55389	0.3539129	0.6814421	0.5274383	0.4484448	0.6242576	0.5083505	0.2914043	0.3106499	0.4118862	0.5415175	0.4932459	0.3858574	0.4238752	0.4555041	0.4201286	0.5095336	0.4895388	0.5691238
L4T1231	91.64463	0.3427148	0.6669889	0.523019	0.4519912	0.6120185	0.5135642	0.2996996	0.3098967	0.3952237	0.5386466	0.4977803	0.3804946	0.4135081	0.4564842	0.416868	0.4956706	0.475042	0.5657606
L4T1232	91.58979	0.3528241	0.6686775	0.5306004	0.4521906	0.6159693	0.5264486	0.301579	0.3008673	0.3986917	0.5408415	0.4840211	0.3846546	0.4213882	0.4568564	0.4192925	0.509525	0.4789599	0.5668199
L4T1233	91.54688	0.3534576	0.6786978	0.5238825	0.4611639	0.6225032	0.5154373	0.3049077	0.3031866	0.4030881	0.5447353	0.4931836	0.3887993	0.4253819	0.456521	0.4263024	0.4903819	0.4819367	0.5795568
L4T1234	91.65648	0.351188	0.6876325	0.5062835	0.4416507	0.6275806	0.5147909	0.2941002	0.3078044	0.4045418	0.5372718	0.4863817	0.3810215	0.414127	0.4496962	0.4180534	0.491463	0.4644012	0.565527
L4T1235	91.64345	0.3453685	0.6856331	0.5120208	0.4529385	0.6241534	0.5139155	0.2969195	0.3067408	0.4026722	0.5314314	0.4839877	0.3798976	0.4146974	0.4490719	0.4195694	0.4963609	0.4774917	0.5636792
L4T1236	91.57938	0.3537419	0.6697545	0.5164745	0.4599215	0.6134052	0.5126446	0.2993075	0.3154015	0.4041018	0.5487848	0.4855496	0.3841779	0.4252073	0.4558878	0.4204403	0.5064922	0.4820049	0.5673234
L4T1237	91.50695	0.3500388	0.676555	0.525326	0.4573121	0.6238658	0.5220716	0.301634	0.3095436	0.4081246	0.5657389	0.4959948	0.3881447	0.4186707	0.4656336	0.4235317	0.506788	0.4804228	0.5736484
L4T1238	91.52464	0.3527225	0.7006784	0.5243172	0.4575859	0.6260844	0.5235431	0.292754	0.3182569	0.4026691	0.5459499	0.4979995	0.3830327	0.4049098	0.452412	0.4258906	0.5146212	0.4799112	0.5720231
L4T1239	91.55293	0.3481453	0.6965284	0.524339	0.4487708	0.6201672	0.5253302	0.2993788	0.3117092	0.4045638	0.5359161	0.4910747	0.383947	0.4161012	0.4597532	0.4286298	0.4980527	0.4867928	0.5678721
L4T1240	91.5417	0.3492783	0.6849787	0.5166853	0.4481512	0.6337292	0.5236556	0.2939997	0.3112441	0.4028647	0.5438814	0.4890863	0.3869902	0.4193032	0.4641868	0.419827	0.5049205	0.4789734	0.586549
L4T1241	91.53832	0.3535061	0.679206	0.5275068	0.4605617	0.6176845	0.5245926	0.2957891	0.3045721	0.4083898	0.5516297	0.491201	0.3855216	0.4149062	0.4556237	0.4213012	0.5052457	0.4887725	0.5756717
L4T1242	91.58058	0.3451445	0.6921607	0.528011	0.4562104	0.6207584	0.5206438	0.2988704	0.3123703	0.3995823	0.5362941	0.4914536	0.3923346	0.4123655	0.4461751	0.42033	0.500135	0.4758829	0.5707011
L4T1243	91.54314	0.3500086	0.697431	0.5288523	0.4562804	0.6233869	0.5212928	0.3009509	0.3172637	0.4082969	0.5408283	0.4888661	0.3851805	0.4146629	0.4602989	0.4190395	0.4972612	0.4786408	0.5683213
L4T1244	91.53639	0.3433111	0.6862169	0.519101	0.4679894	0.6249316	0.5134264	0.3007113	0.3083315	0.4085686	0.5486898	0.4926737	0.3877754	0.4141621	0.4553432	0.4270109	0.5070223	0.4794196	0.5789271
L4T1245	91.51626	0.3572051	0.6801958	0.5296278	0.4619766	0.6212619	0.5226703	0.3052696	0.3182432	0.4114735	0.5389181	0.4943493	0.3824567	0.4228919	0.4544461	0.4213776	0.5114974	0.4730267	0.5768568
L4T1246	91.56096	0.3494253	0.6903426	0.527736	0.4513625	0.6306274	0.5242771	0.2949978	0.3093104	0.4079478	0.5395438	0.4967254	0.3888643	0.4108103	0.4529131	0.4168136	0.5003433	0.4807033	0.5663004
L4T1247	91.58656	0.3498803	0.6902536	0.5183847	0.4505447	0.6314121	0.5137681	0.3030105	0.3071967	0.4008972	0.542289	0.489942	0.382118	0.4107171	0.4469454	0.4242147	0.5026571	0.4825085	0.566702
L4T1248	91.49389	0.3546956	0.6970543	0.5248568	0.4582616	0.626227	0.5287695	0.2992395	0.3152495	0.4086345	0.5490116	0.4963502	0.38971	0.4160207	0.4541493	0.4235266	0.5008219	0.4904413	0.5730865
L4T1249	91.51529	0.3516566	0.6777174	0.5277294	0.4650035	0.6240396	0.5257323	0.3061711	0.3149748	0.411611	0.5501869	0.4974465	0.3889498	0.4214336	0.4542435	0.4193142	0.5015631	0.4808582	0.5660823
L4T1250	91.60263	0.3573906	0.6900302	0.5195008	0.4687902	0.6178426	0.5181365	0.3028992	0.3076156	0.3943809	0.5359885	0.4919822	0.3806996	0.4112195	0.4592795	0.4234196	0.4919042	0.4781839	0.5481107
L4T1251	91.53593	0.3446668	0.703429	0.5212565	0.4616674	0.6269332	0.5337286	0.3007965	0.3044787	0.4034244	0.5442607	0.4959163	0.380341	0.4154214	0.4545008	0.429121	0.4988858	0.4839984	0.5612465
L4T1252	91.4804	0.3491498	0.6925405	0.5292201	0.4631943	0.6430618	0.5334379	0.2963859	0.3138657	0.4064965	0.5490927	0.4986	0.3807432	0.419069	0.4603148	0.4237329	0.5065085	0.4831075	0.5710742
L4T1253	91.55074	0.3502917	0.7018989	0.5230257	0.4465252	0.6327734	0.5279689	0.3020154	0.3085533	0.4079361	0.5401277	0.5025751	0.3819842	0.4134375	0.4484387	0.4237226	0.4955987	0.4782576	0.5641263
L4T1254	91.55348	0.3487905	0.6889014	0.5240698	0.4536285	0.6202684	0.51097	0.297597	0.3075625	0.4027566	0.5464116	0.4980712	0.3875673	0.4229687	0.4607008	0.4205577	0.4985936	0.490798	0.5663023
L4T1255	91.56302	0.3512204	0.6942289	0.5210541	0.4613164	0.623381	0.5168676	0.298165	0.3084299	0.4090661	0.5422682	0.4904204	0.3780299	0.4218268	0.4495219	0.4198946	0.5005646	0.4804373	0.5702853
L4T1256	91.51004	0.353904	0.7022161	0.5263704	0.4658241	0.6219571	0.5243991	0.2964555	0.313674	0.4010135	0.5423418	0.4932208	0.3827088	0.425232	0.457577	0.4223354	0.5135773	0.4816346	0.5655143
L4T1257	91.57065	0.3477272	0.6975142	0.5162429	0.4552778	0.6220505	0.5279685	0.3013398	0.310847	0.401958	0.5367627	0.4929898	0.383815	0.4156643	0.4527425	0.4139609	0.5015859	0.4837995	0.5671066
L4T1258	91.52822	0.347481	0.6972108	0.5312408	0.4554238	0.6294655	0.518792	0.2987702	0.3174032	0.3981595	0.54891	0.4977496	0.3926178	0.4126161	0.4503238	0.4269924	0.5020063	0.479478	0.5671414
L4T1259	91.49222	0.3506971	0.6879199	0.5342957	0.4511902	0.6255908	0.5276796	0.3089427	0.3108791	0.4085886	0.5451882	0.5027479	0.388135	0.4203686	0.4553455	0.4320679	0.5122284	0.4856024	0.5603166
L4T1260	91.51548	0.3591528	0.6910829	0.5197785	0.4598725	0.6295589	0.5243897	0.3060828	0.3151031	0.4021508	0.5400033	0.4966413	0.3883574	0.4194228	0.4530769	0.4227397	0.5038413	0.4817153	0.5715541
L4T1261	91.55163	0.3411749	0.6915784	0.5259881	0.4575194	0.6217395	0.5227641	0.2954351	0.3113131	0.4089183	0.5482737	0.4966098	0.3867133	0.4159304	0.4566731	0.4163737	0.5078534	0.4771049	0.5664084
L4T1262	91.5147	0.3505742	0.7100087	0.5150826	0.4623561	0.6341822	0.5233496	0.3023569	0.31541	0.4080078	0.5430479	0.4906773	0.383642	0.4198742	0.4538518	0.4202698	0.4996167	0.4875129	0.5654755
L4T1263	91.54392	0.3466109	0.6931025	0.5250487	0.4533951	0.6341802	0.5250487	0.2986297	0.319517	0.3972976	0.541321	0.4909924	0.3813039	0.4161957	0.4533553	0.4261421	0.5119991	0.474919	0.5670224
L4T1264	91.48624	0.355843	0.7121279	0.5246666	0.4606398	0.6249244	0.5261126	0.2998497	0.3111367	0.408382	0.5423001	0.49908	0.3865711	0.4164155	0.4599971	0.4187452	0.5002047	0.491408	0.5753579
L4T1265	91.47723	0.3502453	0.701446	0.5337677	0.464499	0.6332919	0.5225812	0.2986122	0.3121474	0.4131445	0.5450737	0.4949533	0.3863924	0.419116	0.4588062	0.4267196	0.5043882	0.4847223	0.5728608
L4T1266	91.53181	0.3516129	0.6992524	0.5256909	0.4601285	0.6284053	0.5265651	0.2990438	0.3074676	0.4031886	0.5295054	0.5005388	0.3952417	0.4081952	0.4577047	0.4256785	0.4964064	0.4807509	0.5728163
L4T1267	91.47117	0.3510783	0.7003696	0.5357751	0.4656812	0.6218288	0.5270438	0.2967413	0.3189553	0.3994048	0.5491359	0.4982915	0.3869374	0.4210908	0.4554068	0.4271012	0.508566	0.4861896	0.5792284
L4T1268	91.46859	0.3529799	0.7144501	0.5239762	0.4628539	0.6457596	0.5303535	0.302192	0.3191725	0.4074175	0.5404189	0.5001957	0.3836755	0.4182896	0.4529806	0.4235913	0.498659	0.4861349	0.5683099
L4T1269	91.54803	0.3530987	0.7005487	0.5209776	0.4661898	0.6265635	0.5274557	0.301234	0.3137953	0.3942586	0.5397405	0.4908779	0.3860424	0.4048054	0.4450173	0.4258989	0.4982645	0.4904433	0.5667591
L4T1270	91.4901	0.3510922	0.7092256	0.5338404	0.4594456	0.623766	0.5298169	0.2993095	0.3201513	0.4021507	0.551906	0.4876504	0.3902813	0.4184057	0.4546173	0.4184057	0.505032	0.4810921	0.5737135
L4T1271	91.4575	0.351479	0.7038384	0.528399	0.4626893	0.634287	0.5367228	0.3020567	0.3177437	0.4104257	0.5454868	0.499666	0.3902165	0.4164684	0.4607284	0.4259927	0.5046283	0.4858998	0.565776
L4T1272	91.49227	0.3514208	0.7068919	0.5254268	0.4568911	0.6312981	0.5226597	0.3012121	0.315248	0.4075647	0.5528571	0.4932242	0.3904809	0.4151842	0.4538032	0.4194752	0.5052551	0.4880109	0.5708231
L4T1273	91.46602	0.3431329	0.6950106	0.5324546	0.4601258	0.6232947	0.5237506	0.2941781	0.3208213	0.410885	0.5565642	0.5000496	0.3909434	0.4231032	0.4634357	0.4274348	0.5031553	0.4864829	0.5791619
L4T1274	91.40547	0.3503091	0.696232	0.5434632	0.4686511	0.6356128	0.5228154	0.3061584	0.3196063	0.4074526	0.560718	0.4991056	0.4000872	0.4184178	0.4564859	0.4331071	0.5042365	0.4866507	0.5854208
L4T1275	91.4427	0.3547102	0.7081223	0.5317813	0.4611557	0.6386731	0.5278464	0.3007978	0.3177545	0.4059452	0.5502389	0.4983548	0.390814	0.4178716	0.4512981	0.4287028	0.4990445	0.4895926	0.5845984
L4T1276	91.50696	0.3542896	0.6880095	0.530999	0.4568068	0.6264245	0.5245295	0.2950686	0.3139795	0.4070826	0.5488317	0.4952507	0.3842319	0.4102759	0.464396	0.4334584	0.5053697	0.4850488	0.5689867
L4T1277	91.46892	0.3421825	0.6781637	0.52527	0.4646685	0.6159798	0.5323266	0.301083	0.3136138	0.4099262	0.5514865	0.4929806	0.4013299	0.4265199	0.4568848	0.4339615	0.5156901	0.4813051	0.5877105
L4T1278	91.46633	0.3510576	0.6532549	0.5266763	0.4665785	0.6136541	0.5215071	0.3014331	0.3128054	0.41156	0.5611977	0.4989873	0.3898942	0.4198757	0.4639714	0.4375859	0.5133263	0.494807	0.5954944
L4T1301	91.5132	0.3529793	0.7116127	0.5210423	0.460225	0.6393786	0.5256453	0.2990847	0.3145246	0.4038295	0.5338364	0.4862482	0.3927027	0.4079976	0.4515627	0.4200668	0.5071609	0.4804491	0.5784526
L4T1302	91.52683	0.3560634	0.7143116	0.5214792	0.4620296	0.6348106	0.5229945	0.3011597	0.31589	0.4007475	0.5323683	0.4954722	0.3884136	0.4224553	0.4471936	0.4198827	0.4947674	0.4879309	0.5552037
L4T1303	91.60419	0.3573637	0.6953142	0.5068201	0.4511527	0.6319309	0.5129506	0.3034227	0.3129355	0.3946397	0.5279949	0.491952	0.3892844	0.4128902	0.4480523	0.4151803	0.5004783	0.4835667	0.5598804
L4T1304	91.52886	0.3595592	0.7211242	0.5261782	0.4479535	0.645433	0.5262837	0.3025533	0.3168048	0.3970001	0.5318788	0.5028832	0.3777518	0.4071696	0.4542875	0.4168818	0.5012645	0.4769842	0.5591501
L4T1305	91.52214	0.3562712	0.7184585	0.5198805	0.4614587	0.6413022	0.5204087	0.3020399	0.311548	0.4088473	0.5298464	0.4869192	0.3941626	0.4221234	0.450049	0.4192358	0.4897012	0.4807917	0.564815
L4T1306	91.56368	0.3585421	0.7164199	0.5187373	0.4591843	0.6339618	0.5249619	0.2981498	0.3141309	0.3940012	0.5211153	0.4968814	0.3869024	0.4149829	0.4432033	0.4128148	0.4924403	0.4914262	0.5584627
L4T1307	91.51915	0.353089	0.7183718	0.5253568	0.4515227	0.6581098	0.5151424	0.3102164	0.3088027	0.3957848	0.539848	0.4906488	0.3911547	0.405964	0.4466452	0.41685	0.50104	0.4899066	0.5623976
L4T1308	91.52516	0.3582096	0.720558	0.5164581	0.4555268	0.6495855	0.5261034	0.3029648	0.3149135	0.3935879	0.5292706	0.4944681	0.3899169	0.4166935	0.4520718	0.4169454	0.4941442	0.4826274	0.5607979
L4T1309	91.56896	0.350357	0.7134608	0.5285583	0.4479252	0.6376715	0.514391	0.3016639	0.3172879	0.3959908	0.5303064	0.4956349	0.388197	0.4116512	0.4526962	0.4222493	0.4870399	0.4839442	0.5520125
L4T1310	91.4636	0.3657476	0.7341836	0.5244067	0.4627497	0.6554277	0.5278838	0.3020473	0.3174616	0.3999457	0.5356985	0.4952988	0.3832051	0.4160768	0.4597744	0.4191238	0.5009627	0.4827165	0.5536937
L4T1311	91.4884	0.3483427	0.7380124	0.5166588	0.4659491	0.6469068	0.5235347	0.3040433	0.3179384	0.4087933	0.5301957	0.50348	0.392284	0.4138786	0.4449275	0.4119089	0.499111	0.4839625	0.5616744
L4T1312	91.53304	0.3504335	0.7225714	0.5248597	0.4510861	0.6440904	0.5260815	0.3029999	0.3120554	0.396789	0.5291718	0.4869128	0.3834933	0.4120253	0.4531344	0.4258241	0.4977651	0.4833194	0.5643517
L4T1313	91.52714	0.3556273	0.7213115	0.5263441	0.4576937	0.6424259	0.5220646	0.3029893	0.3126182	0.3964967	0.5322998	0.4966015	0.3857622	0.4139	0.451631	0.4132581	0.5048396	0.4839057	0.5530911
L4T1314	91.51137	0.3577361	0.737623	0.5187226	0.4538064	0.6529139	0.5132564	0.2994293	0.3142204	0.4061106	0.5335851	0.4968576	0.390212	0.4053246	0.4574506	0.4142207	0.4991799	0.484889	0.5530922
L4T1315	91.42598	0.3593504	0.735341	0.525789	0.4645586	0.6520677	0.5182973	0.3094296	0.3186141	0.4107119	0.5400881	0.4979472	0.3875524	0.4133051	0.4589038	0.4249029	0.5029536	0.4946695	0.5595377
L4T1316	91.47709	0.3490493	0.7355704	0.5272003	0.466122	0.6485392	0.5245694	0.3077379	0.3143506	0.4073901	0.5289423	0.4868843	0.385739	0.4187312	0.4543187	0.4228552	0.5022428	0.4805205	0.5621479
L4T1317	91.53107	0.3535985	0.7404605	0.5214134	0.4498951	0.6381031	0.5233743	0.3004411	0.3132402	0.3938499	0.5278665	0.4999508	0.3889298	0.4147064	0.4493247	0.4137081	0.4902891	0.4880786	0.5617004
L4T1318	91.51055	0.3569014	0.7368776	0.5144226	0.4561949	0.6557915	0.5234001	0.3089853	0.3117615	0.3976067	0.5404178	0.4899778	0.3875115	0.4149488	0.4549691	0.4162828	0.4908792	0.4810363	0.5514864
L4T1319	91.46868	0.3572785	0.7424405	0.5309088	0.459916	0.6641785	0.519155	0.3070808	0.312795	0.402196	0.5328256	0.4878358	0.3807137	0.4067528	0.4577461	0.4198085	0.5053398	0.4924649	0.5518848
L4T1320	91.55129	0.35062	0.7314222	0.5213755	0.4512515	0.6399718	0.5306652	0.3021838	0.3067744	0.3986585	0.5262553	0.4950248	0.3820312	0.4152497	0.4440945	0.4197319	0.4910126	0.4769878	0.5654018
L4T1321	91.58916	0.3583769	0.7375474	0.5196251	0.4534638	0.6530891	0.5282208	0.3051982	0.3121531	0.3886578	0.5196965	0.4885953	0.3814531	0.4088093	0.4333479	0.413767	0.4837446	0.4800353	0.5450553
L4T1322	91.59662	0.3571856	0.7337746	0.5225261	0.4600841	0.6476254	0.5133087	0.2952099	0.3024906	0.3999733	0.5291254	0.48892	0.3765531	0.4017307	0.4491451	0.4105895	0.4869474	0.4813883	0.5468071
L4T1323	91.55595	0.3544021	0.7385236	0.5149085	0.4570168	0.6417736	0.5191901	0.3045339	0.3094632	0.397614	0.5327185	0.4908739	0.3875756	0.4066089	0.4506843	0.4187342	0.494184	0.4752946	0.5499529
L4T1324	91.60696	0.35065	0.7338652	0.5119554	0.4497952	0.6489695	0.5258513	0.2987438	0.3097756	0.4071175	0.5163752	0.4891492	0.3759313	0.4121738	0.4443854	0.4059507	0.4851537	0.4774455	0.5497536
L4T1325	91.60492	0.3481012	0.72587	0.52718	0.446659	0.6451343	0.5297566	0.3044052	0.3134593	0.393873	0.5177679	0.4856669	0.3855703	0.4098698	0.4490567	0.4008514	0.4918223	0.4753244	0.5447156
L4T1326	91.58091	0.3562139	0.7238224	0.5131134	0.4530135	0.642551	0.5191162	0.302656	0.3054957	0.3973708	0.5259817	0.4976931	0.3847901	0.4076511	0.4449259	0.405746	0.502941	0.4809787	0.5550252
L4T1327	91.56665	0.3454816	0.742394	0.5210495	0.4556283	0.6423232	0.5264861	0.3042355	0.3081136	0.3953177	0.5265224	0.49354	0.3770142	0.4100691	0.4432328	0.4138385	0.4868348	0.4848776	0.5563878
L4T1328	91.60989	0.3497531	0.726474	0.5143725	0.4473854	0.6446331	0.5250803	0.3040014	0.3094094	0.3937381	0.5263061	0.49238	0.3789202	0.4060323	0.4382279	0.4170646	0.4923439	0.4752186	0.5487673
L4T1329	91.60371	0.3566316	0.7362308	0.5157052	0.4417747	0.6504367	0.5196115	0.3037517	0.3108771	0.3981904	0.5062649	0.4855398	0.3879906	0.4106327	0.4459703	0.4131284	0.4806931	0.4865887	0.5462684
L4T1330	91.62665	0.3525672	0.7367487	0.5240768	0.4516537	0.6526559	0.5183126	0.2989925	0.3081515	0.3925271	0.5173932	0.4874763	0.3800087	0.4023226	0.4412571	0.4027116	0.4881835	0.4763016	0.5420057
L4T1331	91.57836	0.3435341	0.7488743	0.5156237	0.4558957	0.645291	0.5245452	0.3051965	0.3139747	0.3983534	0.5259784	0.4901488	0.3823018	0.405806	0.4457918	0.4122553	0.4912954	0.4737747	0.5429975
L4T1332	91.56996	0.3490424	0.7318922	0.5164871	0.4494875	0.6516809	0.5243056	0.3012268	0.3098054	0.3962787	0.5317258	0.4873852	0.3802799	0.4044591	0.4455783	0.4162954	0.4933576	0.4899189	0.5508375
L4T1333	91.61362	0.3524166	0.7372594	0.5183916	0.4514392	0.6517981	0.5204205	0.2993459	0.3101309	0.3926735	0.5217019	0.4883858	0.3872988	0.4042771	0.4420424	0.4097942	0.4833671	0.480128	0.5355124
L4T1334	91.54272	0.3580864	0.7661204	0.523187	0.4505806	0.6609989	0.5211176	0.3003169	0.3146979	0.3900402	0.5265543	0.4927064	0.3790616	0.4042108	0.4518784	0.4087706	0.4828502	0.4816576	0.5444428
L4T1335	91.56519	0.3598321	0.756876	0.5177238	0.4470749	0.6548553	0.5234925	0.3009699	0.3091601	0.395477	0.5269466	0.4889871	0.3778504	0.4096496	0.4432291	0.41289	0.4905895	0.4776633	0.5415465
L4T1336	91.57512	0.3546496	0.7452775	0.5179084	0.4518094	0.6472861	0.5234046	0.3054369	0.3049668	0.3973536	0.5251764	0.4874623	0.3867951	0.4078036	0.4353569	0.4107325	0.488981	0.4798327	0.5546462
L4T1337	91.55196	0.3575655	0.7511232	0.5255289	0.4512973	0.6513383	0.5202732	0.2975786	0.3118595	0.4021479	0.5183522	0.4972571	0.3853661	0.4133842	0.4462229	0.4099045	0.4901891	0.4821788	0.5364751
L4T1338	91.56909	0.3578347	0.7716401	0.52049	0.4469954	0.6706333	0.5275696	0.299761	0.3048779	0.3871694	0.5156885	0.4859682	0.3819123	0.4093895	0.4497642	0.4078124	0.4862486	0.4772764	0.5298827
L4T1339	91.57645	0.3524257	0.7588833	0.5201752	0.4552239	0.6599722	0.5296104	0.2995601	0.3101615	0.3865622	0.5168887	0.4884417	0.3770917	0.4030297	0.4455767	0.4140905	0.4842718	0.4782996	0.5432862
L4T1340	91.56156	0.3428317	0.7547516	0.5275792	0.4540948	0.6638255	0.5191799	0.2934013	0.3092348	0.3902249	0.5274719	0.4973062	0.3744986	0.3949785	0.4406203	0.4127777	0.4983069	0.4859047	0.5514544
L4T1341	91.6036	0.3415063	0.75101	0.5203351	0.4533273	0.6553401	0.5262018	0.3009695	0.3138338	0.3908079	0.5195222	0.4904714	0.3763885	0.4059695	0.4385545	0.4008803	0.4876087	0.4830143	0.5406565
L4T1342	91.57997	0.3485268	0.7669411	0.5190593	0.4556876	0.6507772	0.5311802	0.3008842	0.3114286	0.3928414	0.5165371	0.4841681	0.3757461	0.4025101	0.4428311	0.4065036	0.4891075	0.4821713	0.5431259
L4T1343	91.56508	0.3458186	0.7654648	0.52425	0.4555576	0.6588562	0.5242852	0.3020637	0.317399	0.3951308	0.5168286	0.5022671	0.3779313	0.3954474	0.4392023	0.3994571	0.4870724	0.4897456	0.5381433
L4T1344	91.60399	0.352324	0.7635285	0.5187022	0.448209	0.6532608	0.5196965	0.2933725	0.3163494	0.3908911	0.5156481	0.4802061	0.3836109	0.401545	0.4459006	0.3969638	0.4914282	0.4821238	0.5422473
L4T1345	91.55503	0.3456976	0.7631545	0.5261047	0.4544162	0.6596753	0.5235558	0.3104729	0.3157832	0.3927819	0.5199448	0.4844369	0.3788336	0.4118634	0.4438665	0.4068718	0.4841891	0.4760113	0.5473103
L4T1346	91.53995	0.3493516	0.7791362	0.5224969	0.4517399	0.6617239	0.5311524	0.3079389	0.3079741	0.4025513	0.5162692	0.4902675	0.3784144	0.4016013	0.4426622	0.4029384	0.480099	0.487699	0.5460357
