instrument=PC24B102
position=2E
flow_cell_id=PBG11294
sample_id=LIS14-11-24
protocol_group_id=20250929_ORID0085C
protocol=sequencing/sequencing_PRO114_DNA_e8_2_400K:FLO-PRO114M:SQK-LSK114:400
protocol_run_id=16ee63fc-c807-4946-970f-cabc11d59f82
acquisition_run_id=0af2d590871668e412829923c101bf11d76c1d41
started=2025-09-29T13:57:22.168397+02:00
acquisition_stopped=2025-10-02T11:45:20.141628+02:00
processing_stopped=2025-10-05T02:11:02.173534+02:00
basecalling_enabled=1
sequencing_summary_file=sequencing_summary_PBG11294_16ee63fc_0af2d590.txt
fast5_files_in_final_dest=0
fast5_files_in_fallback=0
pod5_files_in_final_dest=811
pod5_files_in_fallback=0
fastq_files_in_final_dest=1588
fastq_files_in_fallback=0
bam_files_in_final_dest=0
bam_files_in_fallback=0
bai_files_in_final_dest=0
bai_files_in_fallback=0
