SampleNumber	0	1	2	3	4	5	6	7	8	9	10	11	12	13	14	15	16	17	18
SampleName	None	TS278_1789541_CLL_RNA_seq	TS278_1789541_CD3_RNA_seq	TS239_70911769_CLL_RNA_seq	TS239_70911769_CD3_RNA_seq	TS324_71147278_CLL_RNA_seq	TS324_71147278_CD3_RNA_seq	TS336_71410405_CLL_RNA_seq	TS336_71410405_CD3_RNA_seq	TS336_77265737_HUTSPOS_RNA_seq	TS336_77265737_HUTSNEG_RNA_seq	UD214_76788661_HUTSPOS_RNA_seq	UD214_76788661_HUTSNEG_RNA_seq	CT879_76313007_HUTSPOS_RNA_seq	CT879_76313007_HUTSNEG_RNA_seq	VALLO75_76330113_HUTSPOS_RNA_seq	VALLO75_76330113_HUTSNEG_RNA_seq	FR52_77252459_HUTSPOS_RNA_seq	FR52_77252459_HUTSNEG_RNA_seq
L2T1101	91.74706	0.3362561	0.580195	0.5144665	0.4486786	0.5600898	0.4890674	0.2858742	0.3094294	0.4132863	0.5584838	0.4853199	0.3843777	0.4036501	0.4556975	0.428157	0.5152398	0.4752079	0.6094605
L2T1102	91.79065	0.3268959	0.5713572	0.5081691	0.4420201	0.557322	0.4757164	0.2789275	0.2994769	0.4070801	0.5577365	0.483119	0.3894917	0.4205231	0.4573581	0.431775	0.5076362	0.4778484	0.6168976
L2T1103	91.816	0.3335075	0.5739539	0.5168221	0.4457655	0.561347	0.4806634	0.2852005	0.3013602	0.3961405	0.5454166	0.4791735	0.3890921	0.4042776	0.4560228	0.4250215	0.5157906	0.4746466	0.5997978
L2T1104	91.86841	0.334051	0.571716	0.4923426	0.4413047	0.5585724	0.4799956	0.2860287	0.3045776	0.4058	0.5503791	0.4743627	0.376099	0.4214471	0.451774	0.4290715	0.4997963	0.462414	0.5918581
L2T1105	91.77346	0.3357515	0.5804094	0.5093632	0.4466654	0.5724018	0.4849429	0.2879898	0.3062199	0.3997556	0.5484926	0.480002	0.3855009	0.4158844	0.4525717	0.4364997	0.5106126	0.4739253	0.5995482
L2T1106	91.64143	0.3460157	0.5937807	0.5163871	0.4433875	0.5716348	0.4979908	0.2912367	0.3197101	0.4132737	0.5647215	0.4915462	0.3894874	0.4108717	0.4602606	0.4343651	0.5141022	0.4778368	0.6219612
L2T1107	91.82808	0.3262646	0.5778348	0.5055426	0.4393958	0.555041	0.4868271	0.2864313	0.2997277	0.4196747	0.5438675	0.4821901	0.3879979	0.414479	0.4514631	0.4282223	0.5074979	0.465821	0.5936452
L2T1108	91.80721	0.3354723	0.5888663	0.519441	0.4389721	0.5606744	0.4844786	0.2899102	0.2942944	0.386584	0.5542924	0.473324	0.3885818	0.4117236	0.4516806	0.4400265	0.5021818	0.4697723	0.6025183
L2T1109	91.80528	0.3332812	0.5785008	0.5159481	0.4440792	0.5621417	0.4890527	0.2889731	0.3016722	0.3993829	0.5485554	0.4755773	0.3803066	0.4150211	0.4672591	0.426001	0.4982582	0.4695882	0.6011262
L2T1110	91.77027	0.3375262	0.5843991	0.5093567	0.4471866	0.5684047	0.4962106	0.2941988	0.309536	0.3960811	0.5549299	0.475889	0.379046	0.4185938	0.4580869	0.4293846	0.5039887	0.4724381	0.5944778
L2T1111	91.78057	0.3442071	0.5774598	0.5117731	0.4488413	0.5648735	0.4944331	0.2930514	0.3014243	0.4105421	0.5557443	0.4881129	0.3825064	0.4183748	0.4560258	0.418969	0.4930826	0.4684501	0.5915587
L2T1112	91.78369	0.3375639	0.5904118	0.511275	0.4495796	0.5650079	0.4924793	0.2904934	0.2973726	0.405055	0.548433	0.4801836	0.3778636	0.4178382	0.4501213	0.4240132	0.4994667	0.4761211	0.6030326
L2T1113	91.72097	0.3450358	0.5957221	0.5150581	0.4457182	0.5768307	0.5070078	0.288147	0.3096681	0.4069694	0.5437708	0.4746456	0.3855556	0.4118533	0.4444838	0.4409953	0.5085105	0.4750213	0.6040407
L2T1114	91.80625	0.3416857	0.5906896	0.5230654	0.4416018	0.5740194	0.4936567	0.2863282	0.3001152	0.4055355	0.5450825	0.4751518	0.3850386	0.4146045	0.4464246	0.4303311	0.4958584	0.4667643	0.5777938
L2T1115	91.75118	0.3373756	0.6005976	0.5087286	0.4355678	0.5735281	0.5003151	0.2957785	0.3025198	0.4006074	0.5553947	0.4855262	0.3816902	0.4133061	0.4595019	0.4262137	0.5071086	0.4695876	0.5954764
L2T1116	91.7272	0.3451911	0.6054154	0.511869	0.4503662	0.586396	0.4989482	0.2934564	0.3014156	0.3990449	0.5416385	0.4820996	0.3847287	0.4155835	0.4511931	0.433104	0.5061322	0.4683519	0.5978696
L2T1117	91.73892	0.3430746	0.6078869	0.507544	0.4472867	0.5737342	0.5062543	0.2846229	0.3084576	0.4002881	0.5411808	0.4900034	0.3855849	0.423968	0.4569341	0.4248966	0.4903645	0.4748875	0.5941123
L2T1118	91.75692	0.3406866	0.5996354	0.5142694	0.4495322	0.5780736	0.4973724	0.2915506	0.3049231	0.3962497	0.5438132	0.4814602	0.3871792	0.4142351	0.4558556	0.425016	0.5058727	0.4696945	0.5876624
L2T1119	91.81612	0.3346137	0.5865151	0.5049888	0.4397574	0.5678481	0.4887454	0.2892354	0.3039318	0.3989685	0.5469122	0.4806495	0.3781357	0.4057752	0.4559492	0.4271237	0.5136519	0.4727598	0.5883199
L2T1120	91.78891	0.3327378	0.6051551	0.5131354	0.4501475	0.5628383	0.4963626	0.2941142	0.3029366	0.396495	0.550887	0.482616	0.3839795	0.4170123	0.4439924	0.4262963	0.5041078	0.463535	0.5847404
L2T1121	91.70989	0.3419802	0.6006066	0.5091977	0.4467461	0.5811318	0.4986447	0.2946699	0.3122073	0.4099888	0.5462099	0.478915	0.3842944	0.4136084	0.4635188	0.4224282	0.5071585	0.4791699	0.5996379
L2T1122	91.74829	0.3363117	0.613823	0.5197727	0.4513405	0.5822544	0.5103425	0.2939008	0.3051465	0.4004071	0.5454412	0.4782696	0.3857826	0.4064586	0.4424145	0.4176034	0.5083758	0.4672761	0.586793
L2T1123	91.7878	0.3454226	0.6024118	0.5086571	0.4431302	0.5764645	0.4973559	0.2900313	0.310404	0.4018275	0.5501626	0.4689254	0.3830765	0.4185006	0.4432315	0.4147504	0.5037413	0.4687227	0.5853839
L2T1124	91.69302	0.3389824	0.6134494	0.5146131	0.4509029	0.5806885	0.5018811	0.2890107	0.3100964	0.4127573	0.5516012	0.4794366	0.3798958	0.416431	0.4586528	0.4246338	0.5066116	0.4832612	0.5940747
L2T1125	91.71914	0.3455894	0.6088909	0.5117142	0.4415671	0.5815615	0.5015219	0.2974257	0.297026	0.4049946	0.549036	0.4846845	0.3901059	0.425679	0.4427162	0.4314247	0.5056687	0.4751417	0.5861081
L2T1126	91.70504	0.3432135	0.6128316	0.5113891	0.4432139	0.5850344	0.4998526	0.2915972	0.3026863	0.4080571	0.5509716	0.489758	0.3790665	0.4202402	0.452115	0.4249145	0.5047258	0.4788679	0.5964218
L2T1127	91.71667	0.3431692	0.6040729	0.504483	0.4470654	0.5868971	0.5078984	0.2799604	0.3061943	0.4091005	0.553981	0.4815655	0.3869749	0.4194951	0.4527577	0.4301866	0.5072549	0.4675576	0.5947178
L2T1128	91.68253	0.3494439	0.6176909	0.5170564	0.4494561	0.5914072	0.5029331	0.3014726	0.3114307	0.3973195	0.5510959	0.4896237	0.3830526	0.4143154	0.451802	0.4223106	0.5081515	0.4768409	0.5820715
L2T1129	91.7249	0.3376365	0.6182263	0.5089723	0.4454241	0.5844969	0.5115631	0.2881178	0.3049825	0.4017224	0.5558024	0.4773937	0.3793828	0.424111	0.4510456	0.4281194	0.5072125	0.4671282	0.5837636
L2T1130	91.70974	0.3388735	0.6153026	0.5099548	0.4471718	0.5839595	0.5091326	0.2916653	0.3107711	0.4064934	0.5457963	0.4812236	0.3832279	0.4123945	0.4537984	0.4229873	0.5067141	0.482191	0.5886029
L2T1131	91.7173	0.3505906	0.6324911	0.5133903	0.4493652	0.584508	0.4990144	0.2978473	0.2983233	0.4113787	0.536763	0.4838293	0.385721	0.4177574	0.4461283	0.4188046	0.5032034	0.4701198	0.5834608
L2T1132	91.75455	0.3336966	0.6095394	0.5032545	0.4441313	0.5864955	0.4994464	0.2932722	0.3127032	0.4003871	0.5445088	0.4801618	0.3808584	0.4205993	0.446133	0.4330976	0.4969076	0.4735708	0.5866908
L2T1133	91.73113	0.3463308	0.621709	0.5089323	0.4454535	0.5850111	0.4996381	0.2897508	0.3078123	0.3993176	0.5486485	0.4726176	0.381304	0.4140255	0.4531668	0.4283023	0.4974822	0.4773127	0.5920536
L2T1134	91.80788	0.3359378	0.6194001	0.5088954	0.4487015	0.5872558	0.5012712	0.2861919	0.2986637	0.3930727	0.5407573	0.4771277	0.3781065	0.4048385	0.4510076	0.4212636	0.4955765	0.4707271	0.5733251
L2T1135	91.77854	0.3426161	0.6206457	0.5134274	0.4481784	0.5798119	0.4945956	0.2902845	0.3038642	0.4009569	0.5371328	0.479691	0.3808002	0.4153883	0.4450082	0.4191263	0.5024973	0.4728301	0.5746071
L2T1136	91.75896	0.3320212	0.6270454	0.5102531	0.4483379	0.5969914	0.5061635	0.2967837	0.2982104	0.3980735	0.5376917	0.4774409	0.3805737	0.4194252	0.4483855	0.4199958	0.4975087	0.471782	0.5743557
L2T1137	91.82016	0.3368077	0.6104037	0.511967	0.4434474	0.5904268	0.489288	0.2895678	0.3013898	0.3991509	0.533874	0.4682013	0.3756033	0.4120828	0.4457636	0.4283442	0.4927623	0.4703245	0.5804384
L2T1138	91.75448	0.3433166	0.622494	0.5108707	0.4460634	0.5825978	0.5057644	0.2957849	0.3071906	0.4088875	0.5438948	0.4726926	0.3833559	0.4071217	0.4466361	0.4244451	0.4920203	0.4686839	0.5836955
L2T1139	91.75846	0.3393969	0.6208982	0.5109823	0.4475454	0.5926668	0.494932	0.2925836	0.3070097	0.3962417	0.5415065	0.4806491	0.3759878	0.4174033	0.4449181	0.412292	0.5115555	0.4716208	0.5833519
L2T1140	91.7294	0.333592	0.6344788	0.5171671	0.4587245	0.5825299	0.4995348	0.2879944	0.3044892	0.4010403	0.5396341	0.4896759	0.3795687	0.413127	0.4514251	0.4205686	0.5008619	0.4718065	0.5843784
L2T1141	91.67249	0.3398484	0.6303261	0.5229653	0.4511838	0.5913468	0.5101318	0.2867426	0.3057055	0.4006639	0.5475788	0.4802987	0.3849093	0.4144551	0.4684229	0.4270013	0.5025179	0.4768987	0.5865103
L2T1142	91.70931	0.33649	0.6266909	0.5040529	0.4463326	0.5990303	0.5077692	0.2941994	0.306101	0.4010313	0.5415922	0.4888113	0.3816501	0.4162729	0.4489669	0.4307147	0.5039118	0.4757337	0.5813426
L2T1143	91.72448	0.3425726	0.624074	0.5159997	0.4486708	0.6001725	0.5020257	0.2959458	0.3140131	0.4054317	0.5441827	0.4743132	0.3755077	0.4131008	0.445095	0.4185116	0.5034843	0.4699846	0.5824346
L2T1144	91.72031	0.342701	0.6313804	0.5159556	0.4556809	0.5888307	0.4983246	0.29056	0.307862	0.4018944	0.5434601	0.4775904	0.3868022	0.4162813	0.453095	0.4156701	0.4998761	0.4711962	0.5825306
L2T1145	91.68199	0.3399051	0.6352184	0.5182726	0.44285	0.6033807	0.5060458	0.2908541	0.3041837	0.4037242	0.5511651	0.4894557	0.3828188	0.414129	0.449323	0.4239104	0.4990454	0.4789071	0.5848248
L2T1146	91.70935	0.3358544	0.6269758	0.5151673	0.4502354	0.584863	0.5107369	0.2887395	0.3075092	0.4038351	0.5412734	0.4902045	0.3803491	0.4163165	0.4569049	0.4166024	0.5018284	0.4777231	0.58553
L2T1147	91.72095	0.3393206	0.6333148	0.5184078	0.4459339	0.5908817	0.5066422	0.2847361	0.3092798	0.3972322	0.547002	0.4857632	0.382911	0.4133857	0.4568315	0.4218241	0.5034597	0.4618945	0.5802252
L2T1148	91.70693	0.3342196	0.6283036	0.5149997	0.4471342	0.5936167	0.4970482	0.290484	0.314614	0.3978526	0.5441406	0.4868805	0.3818471	0.4099176	0.4591505	0.4203285	0.504151	0.472675	0.5957087
L2T1149	91.75767	0.339155	0.6111482	0.5108177	0.4413767	0.5911694	0.4940878	0.2898383	0.3073441	0.4012736	0.5483992	0.4806555	0.3752332	0.4190703	0.4505902	0.420622	0.5043682	0.4686779	0.5885023
L2T1150	91.73058	0.3422916	0.6129589	0.5247233	0.4402986	0.5949307	0.4976566	0.2905521	0.3035969	0.4111798	0.5397224	0.4829995	0.3829894	0.4122547	0.4561771	0.4264232	0.4942366	0.4756221	0.5808111
L2T1151	91.76522	0.3447404	0.6164567	0.5113158	0.4437427	0.5817862	0.4945698	0.2881185	0.3015742	0.4053891	0.5449059	0.4777257	0.3880539	0.4120188	0.4492429	0.4219878	0.4974181	0.4681987	0.5875319
L2T1152	91.71588	0.3477464	0.6225512	0.5129464	0.4418787	0.5832453	0.4964649	0.2923915	0.3117561	0.3982963	0.5468706	0.4799833	0.3799407	0.4074741	0.4648952	0.4295776	0.5085738	0.4709977	0.588531
L2T1153	91.73412	0.3349542	0.6226908	0.5171775	0.4542536	0.5817263	0.506444	0.2876874	0.302409	0.4005861	0.5429773	0.478724	0.3795622	0.4168341	0.4525796	0.4288477	0.5019635	0.4763607	0.5801015
L2T1154	91.7457	0.3412323	0.6139181	0.5097911	0.450539	0.5854054	0.5033044	0.287886	0.3034736	0.3977252	0.5404338	0.4855384	0.3827185	0.4144746	0.4475861	0.429336	0.5036432	0.4740656	0.583227
L2T1155	91.71678	0.3426633	0.627253	0.5122322	0.4477441	0.5917038	0.5053769	0.2893884	0.3041761	0.4025486	0.5551263	0.4673794	0.3794367	0.4140556	0.4539628	0.4245832	0.5058176	0.467918	0.5918507
L2T1156	91.69188	0.3471992	0.6141205	0.5213147	0.451354	0.5919631	0.4935073	0.2923705	0.3099589	0.4099377	0.5448477	0.4796527	0.3748101	0.4162263	0.4503714	0.4305231	0.5075092	0.4792105	0.5932404
L2T1157	91.71538	0.3381999	0.617328	0.5141859	0.445572	0.5857508	0.5050865	0.2934902	0.3083443	0.4044037	0.544976	0.4802478	0.3821718	0.4098633	0.4588029	0.4296359	0.5058243	0.474739	0.5859968
L2T1158	91.66223	0.3420788	0.6115512	0.5288453	0.4467926	0.5913018	0.5045762	0.2955002	0.3079613	0.401621	0.5511548	0.4847288	0.3813213	0.4173984	0.445034	0.434231	0.5091486	0.4781968	0.6063255
L2T1159	91.67996	0.3413101	0.6053833	0.5171411	0.4536731	0.5791016	0.506739	0.2964855	0.3063349	0.4039741	0.5510108	0.4835729	0.3856825	0.4184969	0.4603566	0.4283965	0.505131	0.4733718	0.6038757
L2T1160	91.67382	0.3350381	0.6049049	0.5221738	0.4495772	0.5732473	0.5114374	0.28848	0.315572	0.4070829	0.5549853	0.482489	0.3902758	0.4102938	0.4767194	0.4377872	0.5020555	0.4744617	0.5896029
L2T1161	91.67236	0.3379795	0.6022981	0.5210309	0.4511231	0.5787786	0.5108225	0.2952942	0.3158112	0.4057856	0.5525069	0.4801471	0.3823162	0.4125912	0.4666859	0.4311566	0.5116231	0.4660354	0.6056509
L2T1162	91.71762	0.3445654	0.6011895	0.5215407	0.4524687	0.5920527	0.499096	0.2901421	0.3097067	0.4101118	0.5392183	0.4811701	0.3789773	0.4197948	0.4541074	0.4323082	0.484497	0.4702457	0.6011895
L2T1163	91.68594	0.3384915	0.6118478	0.5277925	0.4417695	0.5754204	0.5021117	0.2886941	0.3067059	0.4037277	0.5631098	0.4838981	0.3851104	0.4153824	0.4491357	0.4404577	0.5117988	0.4687621	0.5998399
L2T1164	91.70661	0.3486559	0.6022892	0.5215737	0.4545501	0.5765464	0.502805	0.2946063	0.3067598	0.4039876	0.5508036	0.4787545	0.3815267	0.4071157	0.4595756	0.4293714	0.5056255	0.4662421	0.6025968
L2T1165	91.68488	0.3338726	0.6030944	0.5239023	0.4526084	0.5814394	0.4997366	0.2844952	0.31363	0.4037018	0.5570123	0.4916814	0.3859176	0.4142678	0.4542823	0.4289659	0.5105118	0.4648482	0.6111496
L2T1166	91.69457	0.3401091	0.5925794	0.5138331	0.4432293	0.56542	0.5035479	0.2952183	0.3045929	0.4108736	0.5556169	0.4851737	0.3877319	0.4186411	0.4712994	0.4353546	0.5062799	0.469853	0.6060788
L2T1167	91.70868	0.338862	0.5951869	0.514923	0.4486768	0.5715353	0.4982532	0.2780281	0.2991901	0.4093297	0.5663395	0.4934904	0.3897373	0.4201542	0.4618286	0.4356874	0.5014464	0.4658878	0.602764
L2T1168	91.71439	0.3409862	0.5929932	0.5211318	0.4440203	0.5779538	0.4874434	0.2871175	0.3072977	0.4098943	0.5530156	0.478365	0.389386	0.4141054	0.4616302	0.4289808	0.5133113	0.461138	0.6168377
L2T1169	91.70856	0.3437705	0.5789035	0.5194864	0.4503134	0.5682657	0.4972187	0.2923454	0.3062352	0.4138805	0.5572973	0.4735732	0.3858254	0.4251245	0.4616677	0.4344946	0.5077463	0.4675102	0.6077853
L2T1170	91.69191	0.3414992	0.5850577	0.5195578	0.4613669	0.5629058	0.49392	0.2949464	0.3098456	0.4133523	0.5680783	0.4846432	0.3786627	0.4147017	0.4565317	0.4358416	0.5050522	0.4696879	0.6124384
L2T1171	91.65643	0.3390085	0.589315	0.5216036	0.4463875	0.5663496	0.5054093	0.2949396	0.3101183	0.421955	0.5745878	0.4744877	0.390187	0.4143374	0.4583499	0.432281	0.5049579	0.4788326	0.6204623
L2T1172	91.67737	0.3263655	0.5794746	0.529722	0.4502323	0.5703819	0.4955815	0.2929112	0.3070935	0.4180361	0.5757575	0.4859741	0.3891567	0.4162633	0.4692755	0.444342	0.5119369	0.459039	0.6010912
L2T1173	91.67487	0.342255	0.5891847	0.5220276	0.4568171	0.5673715	0.5053671	0.295537	0.2994302	0.4103854	0.5694326	0.4828097	0.3925226	0.4047746	0.4502903	0.4352902	0.5112641	0.4692981	0.6210743
L2T1174	91.58481	0.3431567	0.5840953	0.5224089	0.4447823	0.5675627	0.5071206	0.2954549	0.3062397	0.413554	0.5845101	0.4930767	0.394651	0.422561	0.4703813	0.4398048	0.527979	0.4788551	0.6189976
L2T1175	91.62996	0.3371899	0.5754724	0.5234857	0.4537077	0.5653404	0.5036439	0.2959383	0.3105332	0.4195726	0.5733013	0.4883253	0.3936395	0.4248798	0.4598593	0.4447216	0.5174547	0.473067	0.6099091
L2T1176	91.62584	0.338009	0.5714555	0.5189048	0.4621096	0.5674132	0.5014553	0.2899049	0.3140917	0.4160266	0.5698386	0.4935053	0.3935915	0.4130622	0.4695206	0.446277	0.515334	0.4698574	0.6238041
L2T1177	91.93713	0.3287593	0.5431765	0.506431	0.4511074	0.5347599	0.5030438	0.2747701	0.2937587	0.4117959	0.5482059	0.4696855	0.3572935	0.4022503	0.4511074	0.4223679	0.4965774	0.4499784	0.6177965
L2T1178	98.03989	0.05923303	0.133376	0.1145353	0.1186016	0.1290386	0.1081647	0.06031739	0.06343492	0.098541	0.1482859	0.1247011	0.09203485	0.098541	0.1005742	0.1186016	0.1267343	0.1038272	0.1615693
L2T1201	91.65468	0.3463034	0.5972458	0.5157573	0.4468549	0.5796528	0.4977508	0.2902168	0.3109794	0.4134143	0.5650455	0.4798362	0.3858993	0.417135	0.4604057	0.4335797	0.5270113	0.4805711	0.5976592
L2T1202	91.69982	0.335566	0.5864625	0.5095276	0.4632568	0.5751122	0.4941956	0.2905767	0.3051765	0.4077411	0.5584071	0.4917699	0.3892511	0.4201898	0.4473756	0.4283364	0.5159808	0.475431	0.6058221
L2T1203	91.65682	0.3510108	0.5940678	0.5143657	0.4508796	0.573212	0.5055916	0.2949207	0.3079211	0.404023	0.5640244	0.4820255	0.3824782	0.4294267	0.4609859	0.439487	0.5216238	0.4620425	0.6050928
L2T1204	91.67452	0.342394	0.5965142	0.5152674	0.4568009	0.5701056	0.4940027	0.2910464	0.3030336	0.4003094	0.5614711	0.488721	0.3880466	0.4295656	0.462542	0.4390268	0.5179772	0.4673185	0.6013367
L2T1205	91.68674	0.3380756	0.5972044	0.5107061	0.4511642	0.5709346	0.4943218	0.29414	0.3004557	0.4081438	0.5554655	0.476061	0.3922629	0.432583	0.4604089	0.429059	0.5240241	0.4704318	0.6078222
L2T1206	91.64983	0.3503815	0.6009272	0.517579	0.4553638	0.5655384	0.5071035	0.2912634	0.3064756	0.4056737	0.5707306	0.4830555	0.3881387	0.4201116	0.4593718	0.4412447	0.5141175	0.4693007	0.6037966
L2T1207	91.66782	0.3450139	0.6003972	0.5051989	0.4542227	0.5610583	0.4968474	0.2915276	0.3008832	0.4097268	0.5639791	0.4924663	0.390605	0.4240568	0.4529448	0.4419008	0.5222215	0.4789578	0.600169
L2T1208	91.65593	0.3471169	0.6014574	0.5089114	0.4572974	0.5707929	0.5066553	0.2910367	0.3060927	0.4118991	0.5627354	0.4845547	0.3879569	0.4239623	0.4613031	0.4278299	0.5236451	0.4747936	0.5960244
L2T1209	91.65916	0.3417148	0.5952422	0.5166643	0.4581333	0.5791956	0.4875597	0.2858505	0.2982648	0.4166603	0.5662295	0.4871919	0.3872799	0.4247526	0.467513	0.4373508	0.515193	0.471835	0.6042081
L2T1210	91.708	0.346725	0.6036938	0.5124287	0.4578343	0.5712755	0.4966539	0.2932736	0.3079053	0.4047944	0.5549063	0.4805134	0.3859562	0.420432	0.4519816	0.4330061	0.5113313	0.4645557	0.5947319
L2T1211	91.69587	0.3507082	0.5966546	0.5102865	0.4616618	0.5713862	0.5055516	0.287924	0.3067274	0.4116257	0.5648755	0.4759123	0.3824873	0.415268	0.4479121	0.4336161	0.5076459	0.4726342	0.601253
L2T1212	91.68245	0.3389981	0.5919037	0.5209175	0.4559004	0.5792768	0.503699	0.2982706	0.3071324	0.4070916	0.5592115	0.4847816	0.3787614	0.406908	0.462696	0.4346872	0.5146729	0.475828	0.5968167
L2T1213	91.68061	0.3521849	0.6004116	0.5064956	0.4539743	0.5738681	0.5045155	0.2880184	0.3032939	0.4127682	0.5518506	0.4835824	0.3810386	0.4225276	0.4612349	0.4313911	0.5247885	0.4739173	0.5935282
L2T1214	91.69057	0.3400322	0.5998498	0.5181464	0.4562485	0.5739537	0.4974386	0.2928418	0.3124218	0.4024263	0.5606899	0.4738434	0.3911926	0.4285028	0.4541733	0.4320218	0.5170636	0.4662641	0.5923156
L2T1215	91.64479	0.3461094	0.6168775	0.5072777	0.4600932	0.5731279	0.5055602	0.2955353	0.3142012	0.4106038	0.5570382	0.4823748	0.3830796	0.4142647	0.462353	0.4379021	0.5123396	0.4764993	0.5999742
L2T1216	91.58384	0.3517449	0.6196755	0.5275026	0.4537919	0.5805927	0.5067442	0.30288	0.3082074	0.4076365	0.5552417	0.4911295	0.3864648	0.4229757	0.4677992	0.4361564	0.518593	0.4820362	0.5969882
L2T1217	91.62136	0.3472695	0.6180098	0.5251008	0.4631915	0.5885894	0.5042989	0.3004315	0.3028681	0.4108033	0.56138	0.4913485	0.3779534	0.4250171	0.4547986	0.4332296	0.5117894	0.4713588	0.5912065
L2T1218	91.66605	0.346734	0.6185705	0.5213892	0.4502886	0.5722399	0.5087782	0.2963805	0.3099407	0.4082972	0.5562388	0.4845959	0.3752104	0.4196426	0.4492038	0.4362764	0.5095918	0.4767761	0.5938006
L2T1219	91.62018	0.3462918	0.6126632	0.5256255	0.4579901	0.5735869	0.5103033	0.2952026	0.3051756	0.4090314	0.5527341	0.4785255	0.3906266	0.4264389	0.4626139	0.4328308	0.5216363	0.4805655	0.5979756
L2T1220	91.6256	0.3454507	0.6185333	0.5213313	0.4604042	0.5744042	0.5019454	0.2926502	0.309085	0.4018378	0.5575607	0.4809251	0.3872189	0.4274436	0.4619024	0.4355702	0.5185619	0.4739788	0.6055942
L2T1221	91.68032	0.3484892	0.6026261	0.5141481	0.452331	0.5825626	0.5016311	0.2998218	0.307549	0.4041155	0.5462767	0.4720782	0.3859048	0.4182142	0.4581151	0.4362893	0.512205	0.4774103	0.5999148
L2T1222	91.65077	0.3554907	0.6130286	0.5199486	0.4582261	0.58316	0.5031193	0.2931817	0.3080709	0.4055274	0.5643906	0.4826354	0.3917662	0.4208227	0.4562409	0.4292148	0.508714	0.4705435	0.5851452
L2T1223	91.59837	0.3519003	0.6293687	0.51689	0.4524753	0.588402	0.503504	0.2931005	0.3076095	0.4083642	0.5581262	0.4913307	0.3941696	0.4276796	0.4617736	0.4300604	0.5127125	0.482796	0.5913667
L2T1224	91.60117	0.3458588	0.6269732	0.5283942	0.4631998	0.58531	0.5036482	0.2915977	0.3063553	0.4099284	0.5563797	0.480612	0.3844176	0.4274306	0.4613101	0.437149	0.517326	0.4771475	0.5957933
L2T1225	91.60317	0.3430085	0.6267524	0.5152621	0.4569057	0.5854261	0.5084501	0.2916458	0.3112645	0.4094486	0.5541361	0.4817923	0.3845165	0.4266603	0.4633999	0.4318374	0.5135818	0.4852438	0.6074971
L2T1226	91.61104	0.3530597	0.6127603	0.5085063	0.4613708	0.594207	0.5090533	0.3029612	0.3106652	0.4088108	0.5663543	0.4816108	0.3903486	0.4205262	0.4605503	0.4357062	0.5048138	0.474226	0.593432
L2T1227	91.60561	0.3529424	0.611194	0.5145381	0.4616173	0.5807577	0.5118418	0.2954516	0.3178903	0.4068686	0.5572678	0.4865696	0.3904165	0.4240518	0.4627599	0.4321864	0.5128929	0.4761043	0.5990377
L2T1228	91.57583	0.3453085	0.6221878	0.526167	0.4593877	0.5912503	0.5043503	0.2973668	0.3133627	0.4125919	0.563842	0.4902336	0.3870627	0.4221252	0.4730003	0.4329419	0.5143419	0.4730003	0.5956503
L2T1229	91.59539	0.3513984	0.6252377	0.5276195	0.4569132	0.5944682	0.5137777	0.2984821	0.3128231	0.4147527	0.5565736	0.4886811	0.3789911	0.4204709	0.4600446	0.4283221	0.5097841	0.4752932	0.5909737
L2T1230	91.63233	0.3426572	0.6262199	0.5139406	0.4617481	0.596763	0.5207523	0.2937126	0.313516	0.4032402	0.5496228	0.4916111	0.3806851	0.4139764	0.4573273	0.4323363	0.5057306	0.4818673	0.5819668
L2T1231	91.55748	0.3424251	0.6402513	0.5201843	0.4622194	0.6025627	0.5164564	0.2949621	0.313329	0.4065275	0.5599187	0.4869511	0.3867513	0.4208938	0.4616283	0.4287133	0.5216846	0.4794497	0.5976073
L2T1232	91.64345	0.3504083	0.6237541	0.5167153	0.4600934	0.597291	0.506267	0.2921438	0.3027747	0.4034714	0.5518474	0.4848227	0.3914261	0.42122	0.4574471	0.4262388	0.5143428	0.4709068	0.5853826
L2T1233	91.68765	0.3422752	0.6197478	0.5094476	0.4561101	0.5834947	0.4988888	0.2951914	0.3055688	0.4080294	0.5525888	0.4866534	0.3855071	0.4211258	0.457243	0.4272435	0.5058223	0.4668048	0.5906093
L2T1234	91.70471	0.3439719	0.6267675	0.514194	0.4519013	0.583944	0.4989669	0.2972189	0.3048548	0.4031388	0.557732	0.4813731	0.3827765	0.421715	0.4530623	0.421715	0.5071833	0.4614127	0.5833635
L2T1235	91.68583	0.346119	0.6304135	0.5094836	0.4529189	0.5863296	0.5037335	0.2908469	0.3113065	0.4028174	0.5589165	0.4868399	0.3717938	0.4175715	0.4554151	0.4304089	0.5121581	0.4685645	0.5785291
L2T1236	91.70773	0.344289	0.6223515	0.5138556	0.4520738	0.5782597	0.5026104	0.2911744	0.3069977	0.4053596	0.5528803	0.4857649	0.380158	0.4166048	0.4521627	0.4258499	0.5055884	0.4750086	0.5812822
L2T1237	91.66898	0.3449359	0.6409784	0.517538	0.4472368	0.5862302	0.5035939	0.2957296	0.3056066	0.4124214	0.5496718	0.4815606	0.3799301	0.4151924	0.4485776	0.4295833	0.5059626	0.4771807	0.5890905
L2T1238	91.69334	0.3394292	0.6320775	0.5153028	0.4523796	0.5991262	0.5069427	0.2946493	0.3078565	0.404309	0.5479428	0.47955	0.375182	0.4137808	0.4484664	0.4302787	0.5120121	0.4722126	0.5751576
L2T1239	91.72195	0.3406151	0.635177	0.5120852	0.4525289	0.5867093	0.5043053	0.2868714	0.3100769	0.4076382	0.5485701	0.4803397	0.3783519	0.4155969	0.4552117	0.4191739	0.5015332	0.4667473	0.576515
L2T1240	91.7025	0.3439566	0.6399895	0.5081328	0.448206	0.5937552	0.5086218	0.2854524	0.3139487	0.4090847	0.5461427	0.4762133	0.3825889	0.4156197	0.451718	0.4228661	0.4996861	0.475591	0.5759283
L2T1241	91.60938	0.3498049	0.6522095	0.5167482	0.4558239	0.6109725	0.507481	0.2949553	0.3157068	0.4075367	0.5437518	0.4869955	0.3916627	0.4158728	0.4553361	0.4276231	0.5080574	0.4771962	0.5728837
L2T1242	91.61898	0.350962	0.6485504	0.5204362	0.4548719	0.6042202	0.5160475	0.2979431	0.3150102	0.4005231	0.5440199	0.4942814	0.3921447	0.4100541	0.4556255	0.4181665	0.5061176	0.4696338	0.5824098
L2T1243	91.62337	0.346589	0.6566973	0.5192439	0.4573105	0.6049097	0.5042017	0.2924634	0.3020799	0.4057434	0.5449172	0.4878802	0.3890249	0.4147423	0.459472	0.4300933	0.5017314	0.4727056	0.5868237
L2T1244	91.62067	0.3435931	0.6557134	0.5197437	0.4453051	0.5969228	0.511566	0.2960744	0.3152587	0.4116221	0.5520122	0.487431	0.3835972	0.4152026	0.4569306	0.4282426	0.5071899	0.4727112	0.5802139
L2T1245	91.62648	0.3384613	0.6449694	0.5243221	0.4545567	0.5999914	0.5075117	0.2991169	0.3132683	0.4040805	0.5527601	0.4873663	0.3801042	0.4207557	0.4582523	0.4283271	0.5030049	0.4770006	0.5796657
L2T1246	91.65171	0.3432708	0.6580221	0.5190802	0.4562202	0.5974635	0.5020679	0.2917824	0.3143452	0.4035135	0.5490437	0.4932233	0.3762576	0.4180891	0.4542798	0.4251738	0.4985932	0.4711117	0.5767508
L2T1247	91.68093	0.3443604	0.6498897	0.519078	0.4459467	0.6098804	0.5064817	0.2922079	0.3064355	0.4029923	0.5406459	0.4826483	0.3776637	0.414184	0.4443156	0.4226571	0.5001835	0.4757158	0.5837815
L2T1248	91.6411	0.350904	0.6438806	0.5253821	0.4531235	0.5931883	0.509706	0.2925128	0.314682	0.3986745	0.5450468	0.4834554	0.3852709	0.4139332	0.4592456	0.4252497	0.4987141	0.4798379	0.5860923
L2T1249	91.62777	0.3471717	0.6503502	0.5152818	0.4493856	0.5993368	0.5105549	0.29789	0.304957	0.3982318	0.554548	0.4861246	0.3880292	0.4158291	0.455891	0.4258914	0.507466	0.479198	0.5860921
L2T1250	91.66431	0.3413008	0.6446374	0.5164438	0.4557577	0.5914783	0.5067999	0.2836725	0.3073824	0.4075851	0.5597239	0.4884059	0.3792649	0.4121483	0.4458315	0.4261673	0.5020015	0.4736342	0.5934541
L2T1251	91.62735	0.3471032	0.6355008	0.5237895	0.4523075	0.5843473	0.5053609	0.3021716	0.3099135	0.4062361	0.5601242	0.4900196	0.3815855	0.4161153	0.4594795	0.4234772	0.5134353	0.4716385	0.5900469
L2T1252	91.62498	0.347437	0.6468425	0.5236455	0.4528084	0.6002073	0.504284	0.2947513	0.308202	0.4142715	0.5518966	0.4809664	0.3916986	0.4160401	0.4506674	0.425907	0.5151748	0.469517	0.5807061
L2T1253	91.62899	0.3417076	0.6341873	0.5176025	0.4509556	0.5934323	0.5096503	0.290397	0.3086681	0.4105793	0.5562274	0.4888231	0.38819	0.4254423	0.4508136	0.4270517	0.509745	0.4783622	0.5891722
L2T1254	91.64472	0.341668	0.6326197	0.5162199	0.4506319	0.597204	0.5012052	0.2930013	0.3055374	0.4014885	0.5564022	0.4885261	0.3851868	0.4216988	0.4509655	0.4338059	0.5023492	0.4862859	0.5904832
L2T1255	91.59195	0.3363467	0.6239571	0.523867	0.4614237	0.6056334	0.5193931	0.2965105	0.3104555	0.4059291	0.558325	0.5027828	0.3837027	0.4167329	0.4529995	0.4312967	0.5069711	0.4783195	0.5934018
L2T1256	91.56694	0.3507166	0.6310111	0.5318914	0.4660359	0.5944781	0.5143459	0.3005799	0.3069732	0.4083041	0.5487638	0.493003	0.3873457	0.4262341	0.4519514	0.4323871	0.5141536	0.4798799	0.5950069
L2T1257	91.57909	0.3439093	0.6418812	0.5188723	0.4646739	0.5954663	0.5067433	0.2980197	0.3111992	0.4067508	0.5529194	0.4911284	0.3855012	0.4245145	0.4654379	0.4389833	0.5100859	0.4759911	0.5888288
L2T1258	91.60068	0.3410092	0.6409038	0.5186242	0.4581132	0.5987734	0.5085148	0.2930744	0.313148	0.4133708	0.5546115	0.4976799	0.3908304	0.4113877	0.4593224	0.4282688	0.506048	0.482008	0.5836336
L2T1259	91.63483	0.3391704	0.6299226	0.5137384	0.4598756	0.5954077	0.5155857	0.2956135	0.3105376	0.4078601	0.5545244	0.4896265	0.3795675	0.4206452	0.4527296	0.4263329	0.5038214	0.476015	0.5941923
L2T1260	91.61982	0.3491721	0.6280528	0.5124074	0.4569424	0.5931988	0.5137685	0.2952626	0.3032348	0.4025468	0.5492059	0.4844076	0.3952066	0.4181023	0.457866	0.4374494	0.5063311	0.4794979	0.5975251
L2T1261	91.65392	0.3455712	0.6235149	0.5166322	0.4507535	0.5885351	0.5114338	0.2996603	0.3077736	0.4100895	0.5415067	0.482041	0.3810855	0.4118871	0.4592556	0.4320977	0.5123083	0.4781058	0.5938306
L2T1262	91.64566	0.3408933	0.6259822	0.5214031	0.4532244	0.5971893	0.5107141	0.2989557	0.3004002	0.4085905	0.5515442	0.4795618	0.3801346	0.4176906	0.4545726	0.4315093	0.5152882	0.4745543	0.5921336
L2T1263	91.64676	0.3441185	0.6283303	0.5294055	0.4480684	0.5841393	0.5114237	0.2923406	0.3067754	0.4082127	0.5559103	0.4880719	0.3895904	0.4117598	0.4597443	0.4213173	0.5056596	0.4823078	0.5860607
L2T1264	91.61163	0.3478389	0.6161732	0.5144296	0.4545358	0.5811467	0.5106389	0.2968407	0.3165021	0.406267	0.5560773	0.491584	0.3897899	0.4154153	0.4632798	0.4277984	0.5079601	0.4830928	0.6089961
L2T1265	91.58835	0.3513544	0.620019	0.5317264	0.4565066	0.5791927	0.5095755	0.296833	0.3094388	0.4094034	0.5538774	0.4958284	0.3791599	0.4266262	0.4557803	0.4344594	0.5122211	0.4882027	0.6014474
L2T1266	91.67949	0.3361352	0.6029385	0.5255153	0.4509479	0.5835827	0.5060008	0.2970005	0.3126544	0.4113372	0.5477269	0.476121	0.3874862	0.4174718	0.4637988	0.4321738	0.5079576	0.470145	0.5915154
L2T1267	91.65009	0.3468341	0.6070393	0.5342561	0.4489003	0.5797191	0.5078377	0.2967028	0.3122992	0.4086362	0.5478897	0.4838596	0.3875757	0.4154795	0.4563272	0.4366991	0.5112859	0.4699608	0.5986045
L2T1268	91.64459	0.3428469	0.619696	0.5218998	0.4514204	0.579201	0.5103756	0.284532	0.3106216	0.4085245	0.5472959	0.4886609	0.3905979	0.4184482	0.4594234	0.4340273	0.5163511	0.4816716	0.5898183
L2T1269	91.68607	0.3423004	0.5944443	0.5195593	0.4526918	0.5812999	0.5056513	0.2908136	0.3035762	0.4232941	0.5592107	0.4895071	0.3912784	0.4075317	0.4520918	0.4280392	0.5036333	0.4725448	0.5964623
L2T1270	91.69165	0.3388244	0.60474	0.5168742	0.4555557	0.5844293	0.495846	0.2905313	0.3027839	0.4051101	0.5632907	0.4920929	0.3786731	0.409084	0.4592536	0.4365696	0.5049527	0.4706232	0.5991104
L2T1271	91.6106	0.3410345	0.6099924	0.5255824	0.4604079	0.5759908	0.5032352	0.3035818	0.2989992	0.4228421	0.5615076	0.4807184	0.3919521	0.4176937	0.4561082	0.4312152	0.5221879	0.4763055	0.610049
L2T1272	91.58204	0.3467292	0.6062831	0.5280399	0.463079	0.5796607	0.5072756	0.2813622	0.3102467	0.4138362	0.5652765	0.4890634	0.3877938	0.4235224	0.467255	0.4443447	0.5159178	0.4776372	0.6106332
L2T1273	91.6106	0.3475078	0.5907217	0.526924	0.4692926	0.573705	0.5093737	0.2990666	0.3055886	0.4156338	0.5682502	0.4851827	0.3922729	0.4230452	0.4590352	0.4433822	0.5091365	0.4736209	0.5976588
L2T1274	91.59006	0.3440468	0.589013	0.5219664	0.4546767	0.5707165	0.500813	0.292379	0.3134108	0.4193602	0.5846972	0.490601	0.3898792	0.4159562	0.4661652	0.4484766	0.5219056	0.4683535	0.6175215
L2T1275	91.49603	0.3463165	0.5738518	0.5359086	0.4635504	0.5747183	0.4990177	0.2928371	0.3195768	0.4343348	0.5823317	0.4928279	0.3968249	0.4293211	0.4738254	0.4417625	0.5329994	0.4764251	0.6375443
L2T1276	91.57908	0.3397267	0.598825	0.5202349	0.4567437	0.5883312	0.5119304	0.2870313	0.3088494	0.4245074	0.5699105	0.4869417	0.3930261	0.4136362	0.4651991	0.4425507	0.5277089	0.4669355	0.6188311
L2T1277	96.67589	0.1279809	0.228857	0.2116161	0.2015865	0.2241324	0.2040732	0.1044404	0.116708	0.1661928	0.2417878	0.193712	0.1411603	0.1616339	0.1808642	0.1826878	0.1995972	0.1753106	0.261764
L2T1278	100	0	0	0	0	0	0	0	0	0	0	0	0	0	0	0	0	0	0
L2T1301	91.65092	0.342706	0.6119852	0.5165541	0.4531551	0.584563	0.5053381	0.2905706	0.3118144	0.4157526	0.5596121	0.4836665	0.3908968	0.4214081	0.455674	0.4340024	0.5063836	0.4653692	0.5996285
L2T1302	91.58289	0.3493771	0.6164858	0.5234177	0.4592925	0.5896549	0.5069544	0.3010912	0.3042111	0.4083666	0.5604241	0.4958669	0.3955512	0.4250219	0.4612124	0.4362534	0.5071944	0.4764757	0.6002625
L2T1303	91.55609	0.3471534	0.6168349	0.5233093	0.4545632	0.5840045	0.5110642	0.298173	0.3064168	0.4125731	0.5558504	0.504315	0.3986889	0.4276626	0.4645425	0.4372079	0.521381	0.4778	0.6023722
L2T1304	91.62576	0.3491778	0.6165731	0.5168558	0.4505689	0.5840992	0.5105428	0.3041735	0.3047474	0.4055168	0.5529644	0.4913645	0.3902603	0.4303864	0.4486081	0.432969	0.5054254	0.4819428	0.5980644
L2T1305	91.58692	0.3410125	0.6240619	0.5112068	0.4612089	0.5838045	0.5057368	0.2913984	0.3111193	0.416777	0.5607729	0.4895187	0.3986876	0.4268054	0.4620246	0.4365459	0.516293	0.4773311	0.5987751
L2T1306	91.57346	0.3477527	0.6211416	0.5258406	0.4650019	0.6042473	0.5166955	0.2962035	0.3115575	0.4177364	0.5589553	0.4916669	0.3878465	0.4172551	0.455905	0.4223571	0.5189577	0.4761685	0.5912517
L2T1307	91.58475	0.3389904	0.6263493	0.5211173	0.4620413	0.5869653	0.5129043	0.2972049	0.3130066	0.4179504	0.550223	0.4994561	0.384282	0.4275563	0.4538763	0.4260674	0.5237589	0.4693417	0.6041598
L2T1308	91.65039	0.3439123	0.6150888	0.5089596	0.4537359	0.5795364	0.5119822	0.2936305	0.3050495	0.4142014	0.5567945	0.4915432	0.3849822	0.4246607	0.4526324	0.4292667	0.5059849	0.4842505	0.5934023
L2T1309	91.64586	0.3510198	0.6135002	0.5168503	0.4516284	0.586079	0.5049259	0.2873429	0.3130743	0.4094829	0.5554233	0.4838773	0.3891584	0.4243038	0.449456	0.4305315	0.5173813	0.4790979	0.5910033
L2T1310	91.53506	0.3495181	0.6325029	0.5252941	0.4578891	0.6019479	0.5175464	0.3029835	0.3098596	0.412904	0.5644684	0.4879598	0.3951811	0.4196348	0.4636514	0.4378419	0.5139631	0.4852481	0.5865493
L2T1311	91.57991	0.3444103	0.6328533	0.5293811	0.4498057	0.5964072	0.5074558	0.2880103	0.3021944	0.4102824	0.5660676	0.4959162	0.3898957	0.4220625	0.4581238	0.4396604	0.5173126	0.4812031	0.5890507
L2T1312	91.6264	0.3491719	0.6234764	0.5209322	0.4593477	0.5832895	0.5109338	0.2903889	0.3090333	0.4132197	0.550541	0.474611	0.3886343	0.4209963	0.4598307	0.427034	0.5113202	0.4768812	0.6039626
L2T1313	91.57424	0.3463196	0.6224052	0.5387084	0.4602086	0.6056757	0.4972312	0.2993484	0.3152365	0.4068525	0.5591005	0.4877281	0.3812634	0.4217012	0.4739684	0.4288285	0.5152971	0.4691673	0.5967171
L2T1314	91.57336	0.355075	0.6212944	0.5194827	0.4592694	0.5949355	0.5069238	0.2986343	0.300471	0.407197	0.5745831	0.4956059	0.394092	0.4210962	0.4578298	0.4287904	0.5173978	0.4798203	0.5941413
L2T1315	91.60318	0.346182	0.6112785	0.5117623	0.4534559	0.5968996	0.5058823	0.285652	0.3068993	0.4119002	0.5682405	0.4977787	0.3902577	0.4191638	0.4631407	0.4305286	0.5211507	0.4735667	0.6030761
L2T1316	91.61074	0.3473383	0.6133297	0.5282581	0.4546585	0.5859657	0.5090388	0.2919648	0.3126243	0.4121476	0.5691302	0.4850022	0.3881607	0.4168655	0.4590785	0.4333534	0.5200638	0.4751691	0.587108
L2T1317	91.60602	0.3467295	0.6312357	0.5232527	0.4611288	0.5902011	0.5060928	0.2917183	0.3152448	0.4083062	0.5523499	0.4935088	0.385874	0.4242226	0.4567518	0.423576	0.5158416	0.4724196	0.5955232
L2T1318	91.56897	0.3539103	0.6163369	0.5193073	0.4573693	0.5907666	0.5184239	0.2913343	0.3057145	0.4086336	0.5617608	0.4949149	0.378499	0.4379339	0.4596269	0.4393572	0.5167061	0.4803384	0.6000917
L2T1319	91.63992	0.3487434	0.6268737	0.5155147	0.4592282	0.5854965	0.5076472	0.2912428	0.3117371	0.4029902	0.5510156	0.4928836	0.38371	0.4128003	0.4611708	0.432469	0.5107554	0.475983	0.5898188
L2T1320	91.6265	0.3515587	0.6188616	0.5190046	0.4557763	0.5893551	0.5088784	0.2992319	0.3014122	0.4146901	0.5570869	0.4830057	0.3909977	0.4189537	0.4627532	0.4282563	0.5089753	0.4766102	0.5880954
L2T1321	91.57129	0.351998	0.634472	0.5241479	0.4656419	0.5819321	0.5133224	0.2962345	0.3117751	0.4118511	0.5526792	0.4905166	0.3879387	0.416037	0.4638136	0.4299899	0.5119752	0.4883034	0.5960775
L2T1322	91.59775	0.3513645	0.6232968	0.5262505	0.4550704	0.590192	0.5060305	0.2977019	0.3075948	0.4045928	0.5595966	0.4949312	0.3887642	0.4314241	0.4551186	0.4258262	0.5186741	0.4705128	0.5953073
L2T1323	91.60534	0.3491664	0.6192727	0.5259667	0.4550673	0.5961113	0.507381	0.2952489	0.3052494	0.4067633	0.5500716	0.4972862	0.3866209	0.4283681	0.4629922	0.4313399	0.5145039	0.4687472	0.5945075
L2T1324	91.63582	0.341057	0.637412	0.5102831	0.4549288	0.5927099	0.520005	0.2881216	0.3041232	0.4073427	0.5592647	0.4961422	0.3919923	0.424042	0.4554405	0.4220418	0.5038639	0.4690697	0.5863372
L2T1325	91.55376	0.3521107	0.6490602	0.5275082	0.4457532	0.5986915	0.5131776	0.3002385	0.315086	0.4129102	0.551377	0.4890739	0.3921425	0.4191123	0.4517203	0.4356042	0.5180171	0.4785492	0.5961073
L2T1326	91.62907	0.3454947	0.6316624	0.5176862	0.4559511	0.5981318	0.5161579	0.2928831	0.3048782	0.4111201	0.5539493	0.4867492	0.3936601	0.4124169	0.4520608	0.4397415	0.5108782	0.4646116	0.5828949
L2T1327	91.65082	0.3504845	0.6300932	0.5173426	0.4520104	0.6028791	0.5174342	0.2999048	0.3144281	0.4033091	0.5488174	0.4802324	0.3848915	0.4173743	0.4516897	0.4241091	0.5093249	0.4766589	0.5681972
L2T1328	91.61985	0.3491633	0.6334225	0.5105306	0.4644976	0.6010391	0.5159354	0.2915878	0.3040007	0.4124185	0.5486394	0.4881324	0.3866309	0.4169073	0.4590927	0.4292744	0.5147445	0.4752157	0.5789158
L2T1329	91.5575	0.3475395	0.6476935	0.5238502	0.4595708	0.6042454	0.5168912	0.293607	0.3153082	0.4060045	0.5638647	0.4966551	0.3849443	0.4254624	0.4553587	0.4217539	0.5066358	0.4830575	0.5900526
L2T1330	91.57905	0.3443352	0.6634665	0.5212951	0.459084	0.6002348	0.5098912	0.2996515	0.3237017	0.4075669	0.5489839	0.4949818	0.3842266	0.4176839	0.4487451	0.4262923	0.5054983	0.4786525	0.5866567
L2T1331	91.58891	0.3516273	0.6451162	0.512647	0.4542379	0.5960886	0.5199087	0.3054413	0.3130187	0.4182453	0.5480984	0.4849083	0.3859962	0.4194631	0.456899	0.4308743	0.5058815	0.4730461	0.5895937
L2T1332	91.5439	0.3462885	0.6369987	0.5255674	0.4590474	0.5998702	0.523965	0.3017434	0.3172632	0.4142277	0.5593996	0.4939784	0.3859807	0.4242537	0.4619774	0.4299764	0.5034551	0.4843644	0.5877382
L2T1333	91.58824	0.3491506	0.6486109	0.5236349	0.4528501	0.5966474	0.5125876	0.3035064	0.3056886	0.4092063	0.5457751	0.4888108	0.3906122	0.4158438	0.4570327	0.430119	0.5149062	0.4780362	0.588737
L2T1334	91.67737	0.3465557	0.6531462	0.5117136	0.456909	0.6004427	0.5105317	0.3005934	0.3064591	0.4025422	0.5496216	0.4840049	0.3771535	0.4136607	0.4484607	0.4213649	0.5015143	0.4740683	0.5638918
L2T1335	91.70096	0.3448174	0.6469227	0.5114477	0.4559922	0.5941037	0.5044608	0.2929652	0.3009627	0.3969333	0.5444046	0.4863125	0.3804549	0.4200471	0.4468521	0.4166636	0.5101294	0.4659671	0.5796026
L2T1336	91.676	0.3456204	0.6580164	0.5131409	0.4546049	0.5970323	0.5140589	0.2922429	0.3127458	0.4024514	0.5446603	0.4790859	0.3855333	0.4090089	0.4519382	0.4181455	0.4995451	0.4744957	0.5716769
L2T1337	91.67896	0.3436976	0.6514464	0.5192075	0.4513237	0.6036763	0.5069893	0.2953541	0.311895	0.3936291	0.5318227	0.4909336	0.3800435	0.4151102	0.4572343	0.4172274	0.5006817	0.4811414	0.5696241
L2T1338	91.69333	0.3421769	0.6531428	0.5061559	0.4576886	0.6055999	0.5049674	0.2920367	0.3022056	0.4056115	0.5423854	0.4838372	0.3849215	0.4175412	0.4454507	0.4244526	0.5008734	0.4646439	0.5729801
L2T1339	91.72657	0.3467499	0.6455877	0.5182887	0.4414809	0.5988123	0.504125	0.2975264	0.3063569	0.3927384	0.5515561	0.4853274	0.3822904	0.4100496	0.4465082	0.4129786	0.4910541	0.4724751	0.5695231
L2T1340	91.69209	0.3346062	0.6551102	0.5092257	0.4567956	0.6040506	0.5116129	0.2917692	0.3080817	0.4087863	0.5369437	0.4813308	0.3754539	0.4042772	0.4520212	0.4217391	0.4949466	0.4802256	0.5809301
L2T1341	91.70896	0.3448863	0.6455233	0.5201505	0.4518663	0.6087822	0.503757	0.2995264	0.3040135	0.3941557	0.5352557	0.4902512	0.3752299	0.416769	0.4369389	0.4190792	0.4938942	0.4741686	0.5767948
L2T1342	91.69809	0.3407178	0.658152	0.5107192	0.4514153	0.5973287	0.5138028	0.292229	0.3067533	0.3909942	0.5450859	0.4811343	0.3841119	0.4149481	0.4440861	0.421741	0.4982953	0.4773356	0.5730619
L2T1343	91.64904	0.3459324	0.6526773	0.5066637	0.4598713	0.6150108	0.5080952	0.2969033	0.3102342	0.4082924	0.5507719	0.4836254	0.3834647	0.4107975	0.4539663	0.4258283	0.4965984	0.4662684	0.5759575
L2T1344	91.69637	0.3332885	0.6451877	0.5167613	0.4413141	0.6114409	0.5164018	0.2976545	0.3157187	0.4031187	0.5338818	0.4816215	0.3841109	0.411297	0.4561879	0.4194753	0.4992363	0.4690844	0.5678532
L2T1345	91.64718	0.3406737	0.6534941	0.5105173	0.457676	0.5973649	0.5176098	0.2904157	0.3120219	0.4101423	0.5489388	0.4857171	0.3886301	0.4099545	0.4512411	0.4256424	0.5030021	0.4760883	0.573692
L2T1346	91.65446	0.3520826	0.6629919	0.5144836	0.4557955	0.6109521	0.5061389	0.2949993	0.3035733	0.4032055	0.5491004	0.4928423	0.374595	0.4168688	0.4440579	0.4203534	0.4965562	0.4822968	0.5646435
