SampleNumber	0	1	2	3	4	5	6	7	8	9	10	11	12	13	14	15	16	17	18
SampleName	None	TS278_1789541_CLL_RNA_seq	TS278_1789541_CD3_RNA_seq	TS239_70911769_CLL_RNA_seq	TS239_70911769_CD3_RNA_seq	TS324_71147278_CLL_RNA_seq	TS324_71147278_CD3_RNA_seq	TS336_71410405_CLL_RNA_seq	TS336_71410405_CD3_RNA_seq	TS336_77265737_HUTSPOS_RNA_seq	TS336_77265737_HUTSNEG_RNA_seq	UD214_76788661_HUTSPOS_RNA_seq	UD214_76788661_HUTSNEG_RNA_seq	CT879_76313007_HUTSPOS_RNA_seq	CT879_76313007_HUTSNEG_RNA_seq	VALLO75_76330113_HUTSPOS_RNA_seq	VALLO75_76330113_HUTSNEG_RNA_seq	FR52_77252459_HUTSPOS_RNA_seq	FR52_77252459_HUTSNEG_RNA_seq
L1T1101	91.7864	0.3379096	0.6079712	0.5167732	0.4443378	0.573382	0.498974	0.2928611	0.3133669	0.3999774	0.5408113	0.4746607	0.3755723	0.4139691	0.4440167	0.4163087	0.5053047	0.4688805	0.5885205
L1T1102	91.791	0.3406691	0.6139677	0.5080281	0.4488347	0.5807139	0.4813161	0.2821571	0.2982388	0.3962283	0.5459156	0.4834058	0.3835538	0.4083578	0.4583747	0.4271652	0.497307	0.4731844	0.5815771
L1T1103	91.79564	0.3328796	0.6189805	0.5164655	0.442814	0.5814309	0.5043863	0.2920726	0.2971848	0.3994736	0.5491291	0.4722203	0.3859014	0.4077074	0.4517716	0.4252154	0.4913118	0.4572457	0.5781735
L1T1104	91.78184	0.335522	0.6241089	0.5075415	0.4505943	0.5781706	0.5000664	0.290535	0.3075241	0.4052902	0.5455064	0.4764629	0.3838161	0.4041123	0.444433	0.4210108	0.4990244	0.4653634	0.5790767
L1T1105	91.76635	0.3385947	0.630623	0.5193763	0.4395033	0.5842814	0.4975764	0.2842074	0.3078501	0.4041741	0.5481431	0.4791476	0.3815202	0.4052528	0.4515495	0.4126693	0.5044085	0.4690792	0.5756963
L1T1106	91.78458	0.3447246	0.6094444	0.517616	0.4444661	0.569143	0.5019739	0.2932897	0.2999606	0.3943653	0.54683	0.4859177	0.3794593	0.4128598	0.443546	0.4128598	0.5003177	0.4669632	0.591686
L1T1107	91.76106	0.3329898	0.6218112	0.508742	0.4472103	0.5776889	0.5016493	0.2945785	0.3022239	0.4028577	0.5393697	0.4750746	0.3936464	0.4162142	0.454303	0.4163063	0.5023862	0.4753049	0.5765835
L1T1108	91.78301	0.3383519	0.6180801	0.5178124	0.4503537	0.5770803	0.5117383	0.2915542	0.3090861	0.3982641	0.5412343	0.4724411	0.3636144	0.4181428	0.448283	0.4148757	0.4969213	0.4653547	0.5837986
L1T1109	91.7688	0.3353535	0.6192136	0.5205178	0.4513523	0.5810088	0.4942174	0.2873668	0.3046697	0.4018429	0.5469105	0.4784371	0.3801104	0.420853	0.4477533	0.4226987	0.4913105	0.4715621	0.5760255
L1T1110	91.7226	0.333579	0.6355219	0.5124673	0.447129	0.58304	0.5038351	0.2892242	0.3102537	0.4055292	0.5440115	0.4893257	0.3824794	0.414942	0.4565418	0.4221048	0.4939173	0.4664596	0.5870347
L1T1111	91.75858	0.3426459	0.6240756	0.5227664	0.4524777	0.5854489	0.508562	0.2849579	0.3001244	0.3999674	0.5371999	0.4826276	0.3745828	0.4145383	0.4515613	0.4201742	0.4985273	0.4640703	0.5771095
L1T1112	91.71397	0.3414901	0.6261184	0.5191032	0.4554418	0.5860961	0.5036328	0.2882791	0.3051186	0.4067488	0.5459369	0.4877517	0.3865779	0.4151	0.452156	0.412727	0.5050931	0.4727376	0.5759194
L1T1113	91.76061	0.3337463	0.6171865	0.5141547	0.4507013	0.5834055	0.5085397	0.287503	0.3023392	0.4096164	0.5535505	0.478776	0.3850111	0.4064209	0.4508383	0.4169204	0.4928818	0.4657201	0.5820817
L1T1114	91.76484	0.3348433	0.6183167	0.5122318	0.4476644	0.5826649	0.5003632	0.2861313	0.3077607	0.4048639	0.5384896	0.4818957	0.3829595	0.4172366	0.4526135	0.4247977	0.4945892	0.4704394	0.5773033
L1T1115	91.72463	0.3409083	0.6129754	0.5216451	0.4493687	0.5870054	0.4972782	0.2807696	0.3140222	0.4017341	0.54789	0.48711	0.3835963	0.4146962	0.4444679	0.4293072	0.5020416	0.4793694	0.5811884
L1T1116	91.70561	0.3405125	0.6206939	0.5252308	0.4472877	0.5950347	0.5070671	0.2941145	0.3048748	0.4048443	0.5426128	0.4856385	0.3833238	0.4103624	0.45207	0.4268248	0.4975943	0.4746483	0.5816533
L1T1117	91.67641	0.3436758	0.6300948	0.5203451	0.4532009	0.5847478	0.5083004	0.2971603	0.3032724	0.4048427	0.5481196	0.4845708	0.3832253	0.4236286	0.4562569	0.4263701	0.4996265	0.4715374	0.5846129
L1T1118	91.67669	0.3440024	0.6516843	0.5263871	0.4538764	0.6098462	0.5089654	0.2836565	0.3049883	0.3924008	0.5494133	0.4839408	0.3811919	0.4125596	0.4517476	0.4200323	0.4981475	0.4818988	0.5685728
L1T1119	91.61587	0.3521919	0.6583674	0.5105445	0.4620847	0.6105475	0.5232267	0.2952385	0.3070481	0.4054803	0.5479511	0.4836676	0.3731932	0.4138575	0.452893	0.4339279	0.5004802	0.4692402	0.5841942
L1T1120	0	0	0	0	0	0	0	0	0	0	0	0	0	0	0	0	0	0	0
L1T1121	91.73094	0.337595	0.624806	0.5121251	0.4533662	0.5911719	0.5063925	0.2894951	0.3088425	0.4054006	0.5504169	0.473251	0.3758868	0.4131486	0.4482606	0.4303911	0.5032127	0.4673393	0.5779601
L1T1122	91.65469	0.3445732	0.5793575	0.5214627	0.4579761	0.5628551	0.5088472	0.2874966	0.3015441	0.4057412	0.5596501	0.4943905	0.3835107	0.4289946	0.4641134	0.4403144	0.515189	0.482457	0.6068388
L1T1123	0	0	0	0	0	0	0	0	0	0	0	0	0	0	0	0	0	0	0
L1T1124	91.75206	0.3453541	0.6459741	0.5174703	0.4497186	0.5958558	0.5071505	0.2854544	0.3034916	0.3947545	0.531245	0.4820689	0.3805311	0.4090227	0.4536222	0.4154838	0.4867353	0.46973	0.574274
L1T1125	91.7299	0.3401547	0.6367136	0.5206376	0.4517006	0.5921759	0.4987051	0.298936	0.3096556	0.3976096	0.5423458	0.4856982	0.3789065	0.406849	0.4474397	0.4239375	0.4943545	0.4723324	0.5719478
L1T1126	91.7686	0.3331403	0.640557	0.5131147	0.4491449	0.5990558	0.5038922	0.2940803	0.3083209	0.3935839	0.5322831	0.4833676	0.3694426	0.4085478	0.4491449	0.4160072	0.4869843	0.4733766	0.5773558
L1T1127	91.74712	0.3390212	0.6374979	0.5123229	0.4443553	0.5904608	0.5058758	0.292529	0.3063767	0.4077608	0.5390651	0.4765003	0.3786123	0.4141171	0.4470794	0.4186574	0.4863981	0.4713698	0.5848763
L1T1128	91.76783	0.3370657	0.6254201	0.5123896	0.4472877	0.5816812	0.509397	0.2880782	0.2997265	0.4075544	0.5479793	0.4715513	0.3909797	0.4117441	0.4390464	0.4199855	0.4934668	0.4742217	0.5745909
L1T1129	91.73908	0.3315068	0.6288014	0.5212042	0.4485147	0.5811452	0.5006212	0.291917	0.3065662	0.4084613	0.5440587	0.488939	0.3834279	0.4086931	0.4574154	0.418521	0.4979788	0.4641837	0.5789664
L1T1130	91.70918	0.3398575	0.6316044	0.5195953	0.4521469	0.5947507	0.5088054	0.2911864	0.3056663	0.3995522	0.5376718	0.4779772	0.3787198	0.4170215	0.4542488	0.4301468	0.5023595	0.4692893	0.5802241
L1T1131	91.71416	0.3355193	0.6417697	0.5139637	0.46296	0.5885743	0.5086213	0.2860224	0.3030084	0.3969794	0.5461549	0.4842838	0.3846052	0.4177553	0.4445128	0.4225954	0.4921832	0.4720923	0.5842364
L1T1132	91.70805	0.3374371	0.643593	0.5114391	0.4522281	0.5919697	0.5031067	0.294472	0.3105781	0.4038167	0.5429531	0.4860696	0.3870589	0.4163385	0.4468749	0.4215055	0.5016637	0.4674033	0.573443
L1T1133	91.72983	0.3349022	0.6303596	0.5193862	0.4516791	0.5786475	0.5107989	0.2908808	0.3088574	0.4036	0.5399578	0.476969	0.3826981	0.4187457	0.4551706	0.4227562	0.4996638	0.4734303	0.5716645
L1T1134	91.70109	0.3467842	0.6258027	0.5172639	0.4517239	0.600799	0.5106341	0.2906206	0.3007547	0.4026163	0.5327965	0.4887559	0.3810696	0.4143605	0.4541391	0.4201852	0.5070825	0.470382	0.5831354
L1T1135	91.70035	0.339857	0.6350423	0.5174524	0.4416385	0.5941683	0.5057741	0.2911026	0.3071009	0.4088349	0.5482622	0.4923393	0.385953	0.408645	0.4508482	0.4233615	0.5080053	0.4633335	0.5779326
L1T1136	91.7257	0.3347569	0.6241533	0.5160112	0.4475947	0.5942417	0.5076998	0.2904764	0.3037653	0.4104987	0.5514168	0.4872265	0.3791313	0.4043942	0.4535113	0.4271684	0.5012197	0.4639828	0.5770554
L1T1137	91.74244	0.3330993	0.6342076	0.5155509	0.444226	0.5913191	0.5106868	0.2900705	0.3064869	0.4034421	0.5514239	0.4850566	0.3796827	0.4028809	0.4494175	0.4230389	0.4945978	0.4673774	0.5749962
L1T1138	91.72626	0.3412073	0.6398456	0.5160725	0.4558016	0.5861778	0.4988388	0.2836057	0.29817	0.413139	0.5492753	0.4760792	0.3834952	0.4079876	0.4556611	0.4231139	0.4978554	0.467556	0.5798557
L1T1139	91.74673	0.3373966	0.6355004	0.5099531	0.4600561	0.583047	0.5067813	0.2889198	0.3003289	0.4042415	0.5496719	0.4783296	0.3799558	0.4149879	0.4486944	0.4287166	0.4925318	0.4683407	0.5658151
L1T1140	91.74258	0.3339441	0.6300307	0.5175149	0.4417517	0.5800183	0.5005078	0.2936844	0.3027645	0.4066326	0.5399508	0.4862872	0.3775668	0.4169137	0.452177	0.425177	0.5076662	0.4701449	0.5746856
L1T1141	91.76792	0.3413537	0.625235	0.5159458	0.4454226	0.5854539	0.5083086	0.2866365	0.3067929	0.3938957	0.5352805	0.4767447	0.3750927	0.4147288	0.4579901	0.4249278	0.4940009	0.4637422	0.5805236
L1T1142	91.72874	0.3346319	0.6354301	0.5173334	0.4580628	0.5956694	0.5052818	0.2877093	0.3005019	0.4001752	0.547512	0.47861	0.384024	0.4103994	0.4481844	0.4193394	0.4957491	0.4730287	0.5796169
L1T1143	91.77613	0.3391702	0.6237854	0.5137761	0.4420353	0.5827692	0.5080808	0.2899108	0.3012515	0.404866	0.5416531	0.4863987	0.3774386	0.4096121	0.4539255	0.4153573	0.4873479	0.4691629	0.5773237
L1T1144	91.72829	0.342674	0.6241793	0.5202816	0.4480093	0.5830366	0.5049151	0.2862639	0.309512	0.4036445	0.5506182	0.4825592	0.381834	0.4067179	0.4579232	0.4189615	0.494555	0.4666474	0.5893815
L1T1145	91.75428	0.3265573	0.6221322	0.5314162	0.443337	0.577408	0.5024114	0.2835572	0.3052093	0.3997791	0.5474398	0.4855765	0.3856824	0.4120504	0.4454667	0.4223947	0.4937911	0.4748264	0.5866875
L1T1146	91.74182	0.3308107	0.6280981	0.5106639	0.449376	0.5810525	0.5050596	0.2869528	0.3088561	0.4046441	0.5522081	0.4783747	0.3767766	0.4113282	0.454929	0.42156	0.4955476	0.4719991	0.5899474
L1T1147	91.76093	0.3314593	0.6153553	0.5150123	0.4508787	0.5840557	0.5087217	0.2918233	0.3037396	0.4051055	0.55204	0.4786495	0.3838811	0.4066398	0.450265	0.4260743	0.4929185	0.4664263	0.5760262
L1T1148	91.79962	0.3279599	0.620889	0.5138021	0.4414904	0.5809488	0.5089438	0.2849513	0.302032	0.4079426	0.5347183	0.4791805	0.378077	0.4090677	0.4444054	0.413568	0.5022445	0.4697707	0.5803862
L1T1149	91.76322	0.3349551	0.6062866	0.5154687	0.4505695	0.576031	0.5084277	0.2926074	0.3090363	0.399242	0.5486835	0.4737332	0.377711	0.4119463	0.4610289	0.4259262	0.4919988	0.470927	0.5822046
L1T1150	91.75034	0.3403231	0.631502	0.5215932	0.44414	0.5742696	0.4981474	0.2863669	0.3055126	0.405695	0.5407389	0.4797695	0.3844504	0.4022651	0.4543272	0.424124	0.503113	0.4754182	0.5779042
L1T1151	91.72838	0.3398798	0.6164988	0.5250596	0.4430302	0.5880136	0.5080298	0.2911941	0.3058714	0.400737	0.5579941	0.4786752	0.3765476	0.4028849	0.4516218	0.42912	0.5022509	0.4718735	0.582337
L1T1152	91.7539	0.339522	0.604932	0.527542	0.4601396	0.5764549	0.5080793	0.2882019	0.3033623	0.3999076	0.5524338	0.4858509	0.3789084	0.4038514	0.4504082	0.423775	0.5021381	0.4600884	0.5805011
L1T1153	91.72324	0.347386	0.6177244	0.5174593	0.4392225	0.5884567	0.5003434	0.2936596	0.3076729	0.4040081	0.549933	0.4856061	0.3816178	0.4085069	0.4565452	0.4294493	0.4907253	0.4662149	0.5922315
L1T1154	91.72029	0.3387323	0.6135548	0.5196189	0.4462217	0.5736242	0.5059612	0.2868642	0.3074551	0.4031634	0.5576728	0.4827639	0.384397	0.4005048	0.4567517	0.4219818	0.5023643	0.4767691	0.6013046
L1T1155	91.75139	0.3360678	0.6095284	0.5185167	0.4526117	0.5725599	0.5020272	0.2853225	0.3030355	0.4069728	0.5365488	0.4907504	0.3848449	0.4183028	0.4535691	0.4237816	0.5063357	0.4730375	0.574794
L1T1156	91.7471	0.3434948	0.6003461	0.5078096	0.4506843	0.5716242	0.5015449	0.2834496	0.3122246	0.4042833	0.5500165	0.4834942	0.3802865	0.4130432	0.4535512	0.4258911	0.5045711	0.4722921	0.5942938
L1T1157	91.72418	0.3391239	0.5971764	0.5225497	0.449331	0.5933855	0.4917892	0.2880549	0.308255	0.4119635	0.5558014	0.4853988	0.376004	0.4099055	0.4520929	0.4281019	0.4992085	0.4623825	0.6052998
L1T1158	91.7179	0.330142	0.6067027	0.5291422	0.4468961	0.5768802	0.5105652	0.2848295	0.3028552	0.4078678	0.5593506	0.4727496	0.3827861	0.4133252	0.4615042	0.4168532	0.5120536	0.4763328	0.5912678
L1T1159	91.68885	0.3403949	0.6035742	0.5245758	0.4455775	0.5780585	0.5005086	0.2915363	0.3104223	0.4073039	0.5685876	0.4832382	0.3866908	0.4130979	0.4515943	0.4334325	0.5049098	0.4719846	0.5956632
L1T1160	91.74176	0.3320266	0.5953754	0.5136001	0.4620498	0.5635272	0.5062678	0.2828271	0.299115	0.4080927	0.5477431	0.4846625	0.3849202	0.4112831	0.4562287	0.4379818	0.5080029	0.4739718	0.5905618
L1T1161	91.69975	0.3258769	0.6009983	0.5217839	0.4454827	0.5678896	0.5099074	0.2813398	0.3118155	0.4138866	0.5619513	0.4805521	0.3813381	0.4191526	0.4552304	0.4272757	0.5085069	0.4789835	0.6082811
L1T1162	91.68945	0.3395851	0.6023022	0.51742	0.4473245	0.5755508	0.4973282	0.2851228	0.3018848	0.4063508	0.5725031	0.4824852	0.3937652	0.4130104	0.4548307	0.4384638	0.5046087	0.4755998	0.6024151
L1T1163	91.69834	0.3423932	0.5988791	0.5240403	0.4559437	0.5737081	0.5094883	0.2959842	0.3026702	0.4071749	0.5614035	0.4776312	0.3803183	0.4161083	0.4618432	0.4236933	0.5050497	0.469372	0.5959575
L1T1164	91.69472	0.334312	0.5944995	0.51191	0.4506501	0.5746736	0.5115202	0.2850256	0.3083044	0.4090491	0.5602497	0.4904134	0.3856033	0.4238628	0.4618997	0.421134	0.5077889	0.4670789	0.6073084
L1T1165	91.69699	0.3329328	0.584785	0.5267756	0.453643	0.5689994	0.5107141	0.2846929	0.3106343	0.4085492	0.564639	0.4994544	0.3884032	0.4148413	0.4469645	0.4304614	0.5023797	0.4729611	0.6011777
L1T1166	91.63707	0.3461155	0.6035816	0.5307327	0.44735	0.5755286	0.5129362	0.2866832	0.3071962	0.4187981	0.5540177	0.4919797	0.3910778	0.4160815	0.4650356	0.4262826	0.5113285	0.4709123	0.6072961
L1T1167	91.66508	0.3392387	0.5958146	0.5221827	0.4492156	0.5769772	0.5168085	0.290871	0.3083232	0.4127044	0.555425	0.4948131	0.382343	0.4206271	0.4621247	0.4323728	0.5081654	0.472042	0.5948727
L1T1168	91.68942	0.3395217	0.5994856	0.5216833	0.4490338	0.5682288	0.503167	0.2881631	0.3066793	0.4057725	0.5601881	0.4940504	0.3808577	0.4144928	0.4646622	0.432556	0.5035068	0.4748547	0.6036758
L1T1169	91.72271	0.3327333	0.5933278	0.5265574	0.4468133	0.5732519	0.4996592	0.2893382	0.3034863	0.4157209	0.562515	0.4775701	0.3832305	0.4189084	0.4550897	0.4362441	0.5092217	0.4634779	0.5901402
L1T1170	91.652	0.3396033	0.5839333	0.520339	0.4565673	0.5714627	0.5052087	0.2845788	0.3148394	0.4049708	0.5723492	0.4822769	0.3829255	0.4251247	0.4687424	0.425834	0.5091686	0.4749482	0.6251278
L1T1171	91.65294	0.3316764	0.5840807	0.5379505	0.4584864	0.5677656	0.5033369	0.2917524	0.3044846	0.4147875	0.5732679	0.4865739	0.3921383	0.4200339	0.4568229	0.4291832	0.5114625	0.4689153	0.6143436
L1T1172	91.62658	0.3352354	0.5825884	0.5229096	0.4503396	0.5638734	0.5058959	0.2856339	0.3125941	0.4218744	0.5729037	0.4873117	0.3845097	0.4244264	0.4693819	0.4461516	0.5047835	0.4771035	0.6259079
L1T1173	91.71022	0.3282423	0.5703422	0.5201197	0.4440349	0.5621133	0.4986331	0.2932367	0.2998982	0.4105968	0.573673	0.4879224	0.3928327	0.4145806	0.4638235	0.4318874	0.5160052	0.4672195	0.6146216
L1T1174	91.67198	0.3294691	0.5654128	0.5339536	0.4590415	0.5606283	0.4984965	0.2910627	0.3035808	0.4142122	0.5781275	0.4809318	0.3894381	0.4263371	0.4644158	0.4365613	0.505116	0.4659232	0.6253162
L1T1175	91.70569	0.3371272	0.561835	0.5285158	0.4595162	0.5551449	0.497361	0.2811798	0.3091863	0.4134072	0.5667541	0.491786	0.3825804	0.4254099	0.4648289	0.4402986	0.5028049	0.4609592	0.6156179
L1T1176	91.70939	0.3432144	0.5531936	0.5283623	0.4554205	0.5559095	0.4933658	0.2886632	0.3006909	0.4182513	0.5680923	0.4947625	0.3692872	0.4281838	0.4566621	0.4337708	0.5089629	0.4775359	0.6162805
L1T1177	0	0	0	0	0	0	0	0	0	0	0	0	0	0	0	0	0	0	0
L1T1178	0	0	0	0	0	0	0	0	0	0	0	0	0	0	0	0	0	0	0
L1T1201	91.71992	0.3401078	0.569095	0.5019045	0.4538728	0.5534442	0.4941871	0.2882983	0.3031395	0.4062728	0.5754093	0.4897617	0.3846316	0.4217077	0.4599173	0.4404347	0.5187426	0.4727617	0.606387
L1T1202	91.66754	0.3401193	0.5708353	0.515078	0.4635431	0.5558404	0.5041431	0.2826298	0.3010892	0.4107091	0.5752201	0.4758855	0.3859702	0.431009	0.4735037	0.4431349	0.5283407	0.469985	0.6054264
L1T1203	91.71657	0.3450798	0.5643803	0.5093519	0.454974	0.5498506	0.5019786	0.2866358	0.3000812	0.4124151	0.5713198	0.4757926	0.3940361	0.4236918	0.457251	0.4388721	0.5148818	0.4703711	0.6124692
L1T1204	91.70715	0.3449172	0.5633611	0.5112774	0.4574905	0.5519884	0.5062778	0.2847023	0.2913501	0.4046376	0.5705034	0.4780383	0.3910673	0.4365581	0.4717201	0.43947	0.5118268	0.4674348	0.6102254
L1T1205	91.72171	0.3380272	0.568649	0.5115115	0.4538833	0.5567635	0.5091126	0.2832341	0.3062417	0.4082496	0.5679947	0.4816887	0.388077	0.431966	0.4602077	0.4387811	0.5185446	0.4634244	0.5919292
L1T1206	91.72942	0.3404577	0.5726004	0.5040265	0.454912	0.5625692	0.5051776	0.2840528	0.2957284	0.4162672	0.572107	0.4833611	0.3835425	0.4298066	0.4495401	0.4330955	0.513071	0.4606676	0.6096007
L1T1207	91.69836	0.350217	0.5812042	0.5208143	0.4502395	0.5497638	0.4964591	0.2922627	0.3054366	0.4122122	0.5667018	0.4840601	0.3817681	0.4282091	0.4607012	0.4375637	0.513231	0.4718824	0.5989171
L1T1208	91.73109	0.3361466	0.5763068	0.5254057	0.4581653	0.5510501	0.4990966	0.2848578	0.2967661	0.4125814	0.5686079	0.476	0.3809551	0.4224404	0.4486386	0.4414383	0.5107834	0.4679135	0.6117548
L1T1209	91.76901	0.3336737	0.5732528	0.5076465	0.445138	0.5504067	0.4916598	0.2824499	0.3107171	0.4114498	0.5556066	0.4755625	0.382021	0.4246706	0.4514995	0.4402701	0.5176589	0.4692563	0.6080473
L1T1210	92.08342	0.3163189	0.5358282	0.4890029	0.4353643	0.5305635	0.4839859	0.2754396	0.2944547	0.3978297	0.5513747	0.4592725	0.364383	0.4009885	0.4492385	0.4181454	0.4847291	0.4375321	0.5921301
L1T1211	91.71549	0.3377698	0.5728371	0.518029	0.4492818	0.5611841	0.5062087	0.2892064	0.3071598	0.4120926	0.5675403	0.4806167	0.3777469	0.425251	0.4549689	0.4353428	0.5135127	0.4698	0.6059562
L1T1212	91.68505	0.3402007	0.5762606	0.5064211	0.4623356	0.5553425	0.5055214	0.2839692	0.3064056	0.4120084	0.5703001	0.4833099	0.3846236	0.4179127	0.4658782	0.4477716	0.5185109	0.4720636	0.6061196
L1T1213	91.73129	0.3343015	0.573911	0.5090663	0.4561274	0.5575752	0.5009815	0.2903334	0.3043987	0.4099997	0.5551941	0.4801604	0.3839732	0.428772	0.4619419	0.4316515	0.5099523	0.4673133	0.6130614
L1T1214	91.69618	0.3386029	0.5709807	0.5136889	0.4538508	0.5523816	0.5156263	0.2876215	0.3008512	0.4170401	0.5704271	0.4772103	0.3858202	0.4280003	0.461545	0.437964	0.5124157	0.4719516	0.6078467
L1T1215	91.63687	0.348933	0.5766766	0.5305762	0.4640431	0.5562438	0.5086237	0.2975978	0.3053656	0.4147343	0.5675016	0.4903862	0.3828187	0.4347731	0.4557124	0.4358425	0.5218515	0.4651126	0.6063407
L1T1216	91.66938	0.3338937	0.5651748	0.5152297	0.4512843	0.5716749	0.4923404	0.2936709	0.3060044	0.4086726	0.5780639	0.4907293	0.3858389	0.4266728	0.4631734	0.4382286	0.5300077	0.4733957	0.6065643
L1T1217	91.68289	0.3476304	0.5743148	0.5181515	0.4629764	0.5573505	0.500748	0.2913024	0.3082118	0.4138953	0.5703619	0.4756585	0.3849627	0.4283891	0.4623176	0.4417299	0.5132104	0.4717605	0.5941339
L1T1218	91.6552	0.3432791	0.5716584	0.5159841	0.4575234	0.5610589	0.4980634	0.2905006	0.3096779	0.4166009	0.5764663	0.4847868	0.3858953	0.4271457	0.4571409	0.4464322	0.5205189	0.4717834	0.6102861
L1T1219	91.66099	0.3480043	0.5816468	0.5195738	0.4523682	0.5693498	0.4977601	0.296357	0.2958224	0.4116813	0.5722904	0.4781384	0.3878893	0.4290574	0.4630078	0.4362752	0.5171679	0.4768552	0.6057596
L1T1220	91.70374	0.3345658	0.5805027	0.518952	0.4558585	0.5536907	0.5051736	0.3005719	0.2997739	0.4023939	0.5641176	0.4843197	0.3913818	0.422769	0.4569225	0.4431972	0.5075675	0.4744248	0.6000798
L1T1221	91.71724	0.3436905	0.5850246	0.5118358	0.462143	0.5651475	0.5001148	0.2949159	0.2976707	0.4028357	0.5657957	0.4797515	0.3796097	0.4269259	0.4541489	0.4323273	0.5127	0.4752684	0.5928567
L1T1222	91.66427	0.348225	0.5905918	0.5211042	0.4593317	0.5654524	0.5003734	0.2931178	0.3063436	0.4057465	0.5705957	0.4814795	0.3801872	0.4295738	0.4522465	0.4360292	0.5192673	0.4644225	0.6116375
L1T1223	91.66097	0.3339859	0.5953753	0.5218466	0.4525639	0.5741451	0.5018592	0.300432	0.302089	0.4061166	0.5754914	0.4804737	0.384524	0.4249648	0.4591918	0.4331461	0.5205003	0.4732762	0.5990517
L1T1224	91.68066	0.3406105	0.5822069	0.5212428	0.4486115	0.5750594	0.4990645	0.2980407	0.3055036	0.4130316	0.5630242	0.4806702	0.3893292	0.4254346	0.4514495	0.4339486	0.5171961	0.4670058	0.6079064
L1T1225	91.70776	0.342623	0.5715075	0.5146653	0.4542502	0.5708037	0.497342	0.2882169	0.3097086	0.4102381	0.5689631	0.4864607	0.3906411	0.4166261	0.4534381	0.4325419	0.5116337	0.4684878	0.604097
L1T1226	91.73465	0.341373	0.5832148	0.5134081	0.4506684	0.5620138	0.5053162	0.2857542	0.2973527	0.4117731	0.5713466	0.4780193	0.3874432	0.4318411	0.4539592	0.4294135	0.5138936	0.4600012	0.5885555
L1T1227	91.71684	0.3521755	0.5711727	0.5206847	0.4535831	0.5589283	0.5069839	0.2914928	0.3081064	0.4113479	0.5589823	0.4850842	0.3807099	0.4218663	0.4575747	0.4334634	0.5144816	0.4638317	0.5926949
L1T1228	91.73388	0.3394335	0.5788056	0.5064207	0.4563082	0.5520024	0.5006343	0.2886112	0.3011667	0.4114361	0.5688704	0.4790171	0.3847968	0.42088	0.4738312	0.4287954	0.5061478	0.4759602	0.5929987
L1T1229	91.68256	0.3407902	0.5871208	0.5214216	0.4568751	0.563794	0.5024858	0.2938074	0.3074741	0.4048427	0.5660993	0.4832207	0.3869497	0.4219124	0.4529782	0.4299808	0.515933	0.4703772	0.6113806
L1T1230	91.74567	0.3360415	0.5680437	0.5167473	0.4572724	0.5566939	0.5008354	0.2874713	0.3120624	0.415601	0.5674873	0.463448	0.3786587	0.4279522	0.4539899	0.4287867	0.509459	0.4645051	0.60927
L1T1231	91.74185	0.3455467	0.5788523	0.5105103	0.455157	0.5656991	0.4946168	0.2865215	0.3087176	0.40649	0.5549025	0.4815731	0.3801835	0.4280833	0.4563627	0.4378934	0.5031664	0.4663921	0.5974861
L1T1232	91.75046	0.3352292	0.5789388	0.5090678	0.4518071	0.5637306	0.501166	0.2950169	0.2973982	0.4082393	0.5643801	0.4735099	0.3784724	0.4160328	0.4663659	0.4380061	0.5134517	0.4611702	0.5975566
L1T1233	91.72547	0.337317	0.5820199	0.5166195	0.4585163	0.5634752	0.5039454	0.2949603	0.3048362	0.4072713	0.5633106	0.486498	0.3858735	0.427462	0.4460617	0.4301505	0.5111878	0.4652099	0.5898109
L1T1234	91.72853	0.3375943	0.5739266	0.5157038	0.4544769	0.5610368	0.5052717	0.283577	0.3052058	0.4085431	0.5631669	0.4853908	0.3816164	0.4170636	0.4557331	0.4373815	0.5126452	0.4773073	0.5958285
L1T1235	91.73053	0.3418652	0.5927264	0.5112156	0.4588938	0.5627191	0.4981761	0.2897071	0.305911	0.4078268	0.5561175	0.4807719	0.3809839	0.4086997	0.4570933	0.4402892	0.512034	0.4765708	0.5878707
L1T1236	91.73901	0.3368162	0.5829084	0.5123268	0.4535643	0.5573281	0.4950143	0.2834916	0.3038559	0.4128356	0.5575501	0.4803098	0.3809851	0.4241553	0.4547296	0.4378055	0.5056127	0.4718201	0.6098759
L1T1237	91.7601	0.3472527	0.5846896	0.5023553	0.4523686	0.5659446	0.4979317	0.2918471	0.3029614	0.4071926	0.5564338	0.4885868	0.3779415	0.4161503	0.4583957	0.4369413	0.5050095	0.4585063	0.5893897
L1T1238	91.74703	0.339158	0.5827809	0.5087647	0.4546631	0.5687853	0.4972584	0.2884862	0.2968946	0.4018892	0.553794	0.4733608	0.3784895	0.4298251	0.4656162	0.4279996	0.5141306	0.4657268	0.6053509
L1T1239	91.72584	0.339955	0.5891146	0.5156558	0.4424749	0.570222	0.5028756	0.2858889	0.3021143	0.4098575	0.5607201	0.4800378	0.3812964	0.4252494	0.4574778	0.4329731	0.5114328	0.4685911	0.5982274
L1T1240	91.66251	0.347356	0.5944517	0.5130008	0.4638503	0.5623192	0.5055555	0.2838186	0.305147	0.4140841	0.5686449	0.4786291	0.3916921	0.4305422	0.4560691	0.434125	0.5108736	0.4752143	0.602121
L1T1241	91.66725	0.335899	0.5776244	0.5239076	0.4591315	0.5658879	0.505513	0.2953293	0.3052601	0.4206496	0.5659444	0.4854821	0.3893336	0.4326117	0.4524734	0.4379721	0.5131868	0.47194	0.5946084
L1T1242	91.64402	0.3380248	0.5975112	0.5171712	0.4678525	0.5711065	0.5057986	0.2885372	0.3106067	0.4077241	0.5671092	0.4909917	0.3851479	0.4179707	0.4631796	0.4333969	0.518072	0.4724691	0.6033101
L1T1243	91.70744	0.3408728	0.5832451	0.5114766	0.4528228	0.572251	0.5034403	0.2876323	0.3011377	0.4104648	0.5596943	0.4943436	0.3923832	0.4296068	0.4568967	0.4309462	0.4970224	0.4664956	0.601829
L1T1244	91.6906	0.3397764	0.5984455	0.5147057	0.4548276	0.5694307	0.4999182	0.2912129	0.308633	0.4073283	0.5651176	0.4848507	0.3816182	0.418531	0.4535393	0.4346068	0.5110088	0.4752724	0.600574
L1T1245	91.69918	0.3435927	0.5881937	0.518324	0.444465	0.5624342	0.5033356	0.290307	0.3046115	0.4092451	0.5589009	0.4848139	0.3891277	0.4206431	0.455464	0.4347767	0.5137078	0.4696545	0.609223
L1T1246	91.71121	0.3405827	0.5940109	0.5119698	0.4456065	0.5613069	0.5034848	0.2928753	0.3022594	0.4091376	0.5687805	0.4744333	0.3858739	0.4221742	0.4567888	0.446337	0.5089354	0.4736466	0.5905831
L1T1247	91.6938	0.3509884	0.5958029	0.517346	0.4544799	0.5740652	0.4989612	0.2850488	0.3015337	0.409384	0.5721094	0.4837057	0.3806053	0.4253101	0.4526358	0.42911	0.5105844	0.4692325	0.5953
L1T1248	91.63449	0.3413377	0.5916707	0.5173138	0.4536272	0.5749669	0.5132356	0.3017291	0.3010588	0.4111136	0.5734027	0.4853029	0.3911697	0.4303313	0.4542976	0.4413368	0.5115597	0.4788784	0.5931791
L1T1249	91.70524	0.3358713	0.6014205	0.5144031	0.4473975	0.5728082	0.5021487	0.292194	0.311475	0.4110278	0.5647698	0.4828115	0.3857883	0.4167053	0.4507703	0.4304774	0.5094002	0.4767406	0.5885478
L1T1250	91.61462	0.3496332	0.6013329	0.5288293	0.4550261	0.576016	0.5059424	0.2906923	0.3076455	0.4149598	0.5574239	0.480456	0.3947854	0.4301047	0.4579646	0.4412374	0.5214829	0.4657066	0.6061363
L1T1251	91.63383	0.333274	0.6123796	0.5214867	0.4584239	0.5868446	0.5103546	0.3001647	0.3086572	0.4171664	0.5564896	0.4790814	0.3895657	0.4204945	0.4653672	0.4312823	0.5143713	0.4652524	0.5955093
L1T1252	91.62832	0.3473311	0.5966766	0.529532	0.4560712	0.5806301	0.5069418	0.3010696	0.3069305	0.4135653	0.5616248	0.4864001	0.382895	0.427108	0.459713	0.4379763	0.5115509	0.4705244	0.5951402
L1T1253	91.60903	0.3456572	0.6075412	0.5242819	0.4530148	0.5752197	0.516173	0.2823847	0.3162481	0.4119562	0.5613432	0.4880202	0.3856879	0.4220638	0.4687187	0.4359404	0.5190283	0.4750573	0.6026301
L1T1254	91.59199	0.3429969	0.5937749	0.5280112	0.4555041	0.5859363	0.5099709	0.2916425	0.3108932	0.4198845	0.5648412	0.4822476	0.3892793	0.4244378	0.4498556	0.4367721	0.520749	0.4867432	0.6144665
L1T1255	91.68843	0.3324675	0.5867175	0.5080943	0.4537074	0.5798757	0.5113412	0.2864879	0.3031287	0.3971751	0.5701927	0.4947005	0.388188	0.4252963	0.4534754	0.4316163	0.5109933	0.470754	0.607359
L1T1256	91.69378	0.3392382	0.5967787	0.5202237	0.4473503	0.5561052	0.5127435	0.2902663	0.3053436	0.4114103	0.5562805	0.4932833	0.3836518	0.420293	0.456233	0.4348444	0.5071918	0.4731219	0.6018629
L1T1257	91.64374	0.3388517	0.6000684	0.5202967	0.459815	0.5708662	0.4986918	0.293624	0.3042483	0.4101951	0.5687888	0.4815979	0.3913799	0.4220659	0.4671155	0.4418901	0.5099691	0.4747128	0.6020864
L1T1258	91.71924	0.339229	0.5921901	0.5192767	0.4449325	0.5574922	0.4989468	0.2887918	0.3013713	0.3993244	0.5676273	0.4920311	0.3875199	0.4178657	0.4584063	0.4357513	0.5071146	0.4747417	0.5981519
L1T1259	91.69129	0.3401039	0.5835942	0.5210512	0.459351	0.5676425	0.5035946	0.2915262	0.3063945	0.4104723	0.5622851	0.4842117	0.3778464	0.4169132	0.4639258	0.4396069	0.5088918	0.4688016	0.6024956
L1T1260	91.64664	0.3341269	0.5781757	0.5148992	0.4602486	0.5598767	0.5087996	0.292415	0.3031356	0.4150863	0.5738628	0.497586	0.3857585	0.4218637	0.465116	0.4341863	0.5173021	0.4680118	0.6229067
L1T1261	91.64397	0.3385906	0.5692867	0.5270304	0.4495507	0.5740352	0.5013642	0.2960339	0.3084763	0.4224418	0.5795652	0.484654	0.3850544	0.4216003	0.4665013	0.4351247	0.5176535	0.479665	0.599401
L1T1262	91.65728	0.3382486	0.5825934	0.5163191	0.4554611	0.5664052	0.5023217	0.294796	0.3064199	0.4018452	0.5723084	0.4860727	0.3846833	0.425519	0.4630075	0.4384817	0.5156496	0.4793783	0.613205
L1T1263	91.65702	0.3433999	0.5816564	0.5268095	0.4509096	0.5649111	0.5040577	0.2872182	0.3086352	0.409107	0.5811103	0.4853709	0.3879327	0.4228187	0.4716592	0.4399887	0.5151606	0.4640146	0.5982197
L1T1264	91.60798	0.3467498	0.5916316	0.5214237	0.4559285	0.5824478	0.4997329	0.3001056	0.3048788	0.4138159	0.572116	0.4868031	0.3817329	0.4281354	0.4712148	0.4438445	0.5090376	0.4713356	0.6110868
L1T1265	91.62471	0.3446108	0.5799389	0.5270622	0.4634806	0.5724103	0.5128872	0.2873227	0.3069677	0.4200734	0.5647641	0.4853607	0.3869593	0.4277197	0.4636571	0.4424828	0.5080642	0.4697152	0.6118179
L1T1266	91.59274	0.3499382	0.5926137	0.5303321	0.4537996	0.5717359	0.5093956	0.2962189	0.309766	0.4222483	0.5665751	0.4854682	0.3889962	0.4240663	0.4596055	0.4390795	0.5187203	0.4776097	0.6110871
L1T1267	91.55565	0.3481954	0.5983627	0.5195372	0.4548765	0.5670695	0.5040091	0.2918322	0.3180876	0.4225166	0.5665954	0.4907925	0.3969131	0.4211534	0.4628776	0.4487127	0.5329908	0.4811912	0.6186321
L1T1268	91.50179	0.3421123	0.5948504	0.5334917	0.4657876	0.5740782	0.5163711	0.2972157	0.307931	0.4196937	0.5897621	0.5008668	0.3931748	0.4219086	0.4718935	0.4453147	0.5335516	0.4797355	0.6104744
L1T1269	91.58913	0.3413641	0.5943626	0.5307868	0.4572476	0.5667854	0.5099705	0.2881668	0.3084494	0.4208339	0.5842806	0.4903996	0.3946207	0.4184023	0.4625259	0.4344742	0.52112	0.4783605	0.6087146
L1T1270	91.54031	0.3346004	0.5922421	0.5300925	0.4525876	0.5756122	0.5083037	0.2958176	0.3119619	0.4221804	0.5963692	0.4883357	0.3868571	0.4323161	0.4677001	0.4495529	0.5231128	0.4771682	0.6148806
L1T1271	91.50432	0.3397485	0.5912588	0.5209223	0.4666463	0.5715164	0.5202875	0.2966451	0.3075003	0.430018	0.5810385	0.5002276	0.3912948	0.4404923	0.4738831	0.4420158	0.5150821	0.4804216	0.626681
L1T1272	91.48015	0.3471172	0.5816945	0.5294578	0.4706508	0.5753845	0.5087062	0.2889607	0.3099725	0.4243989	0.5915824	0.4908169	0.4093719	0.4441747	0.4718868	0.4498342	0.5224972	0.4713014	0.6320447
L1T1273	91.54023	0.3429167	0.5775337	0.5307136	0.4722047	0.5600327	0.5117273	0.2904136	0.315535	0.4219619	0.5792128	0.4894474	0.3920616	0.4260304	0.4685237	0.4539933	0.5179915	0.474465	0.6350094
L1T1274	91.54369	0.3413396	0.5713685	0.5282463	0.4624388	0.5713023	0.5062884	0.2901486	0.3173975	0.4225574	0.5687229	0.4929285	0.3959698	0.431486	0.4818173	0.4543699	0.5146218	0.4843305	0.6209722
L1T1275	91.53202	0.344751	0.5760574	0.5320181	0.4518373	0.5611992	0.5099985	0.295759	0.3103495	0.4265381	0.5891754	0.4894513	0.4009043	0.4318924	0.4729868	0.4529751	0.5261953	0.4783411	0.6175533
L1T1276	92.20934	0.3213853	0.5193268	0.4973333	0.4249919	0.5270892	0.4934521	0.2602564	0.2892576	0.3869346	0.5453093	0.4793288	0.3260212	0.3940501	0.4203561	0.422081	0.4496807	0.4385762	0.5952259
L1T1277	100	0	0	0	0	0	0	0	0	0	0	0	0	0	0	0	0	0	0
L1T1278	0	0	0	0	0	0	0	0	0	0	0	0	0	0	0	0	0	0	0
L1T1301	91.63092	0.3347448	0.5737165	0.5145354	0.4602524	0.5458835	0.507217	0.2920445	0.301495	0.4220469	0.5814959	0.4890074	0.3868956	0.4333415	0.4679166	0.4444631	0.523813	0.469242	0.6209691
L1T1302	91.64284	0.3438842	0.5666056	0.5255413	0.4597109	0.5649816	0.5011812	0.2858838	0.3074599	0.4142966	0.5738556	0.4847091	0.3935325	0.4282167	0.4618569	0.4391788	0.5278613	0.476183	0.6022178
L1T1303	91.68087	0.3339682	0.5685533	0.5159621	0.4608125	0.5553629	0.4969725	0.2856412	0.3051994	0.420502	0.5734429	0.4799159	0.3951446	0.42289	0.4639964	0.4388094	0.5253433	0.4689428	0.6076698
L1T1304	91.67315	0.3407713	0.5649031	0.5122932	0.4588879	0.5595625	0.5026916	0.2933314	0.3046375	0.4167318	0.5740501	0.4889425	0.3899155	0.4236063	0.4661601	0.440196	0.5163838	0.4651374	0.60865
L1T1305	91.6276	0.3435601	0.5778397	0.5259631	0.4533589	0.5593575	0.5079991	0.2918562	0.308208	0.4132279	0.5770912	0.4938928	0.3954943	0.4325737	0.4528407	0.4355677	0.5120871	0.4798441	0.6116372
L1T1306	91.68601	0.3417126	0.5635815	0.5088041	0.462476	0.5623745	0.491158	0.288717	0.3033741	0.4151133	0.5845614	0.4770757	0.3846494	0.432472	0.4668444	0.4388521	0.4998373	0.4740293	0.618359
L1T1307	91.69838	0.3380035	0.5724439	0.5184484	0.4577826	0.5526628	0.5033251	0.2868832	0.3024091	0.4177029	0.5714089	0.4791738	0.3811884	0.4268459	0.4627279	0.4367365	0.5181034	0.4723309	0.6034381
L1T1308	91.69522	0.3426435	0.574004	0.515661	0.4462815	0.5569322	0.5014632	0.2887264	0.3055109	0.4169088	0.5698654	0.4791031	0.3870187	0.431279	0.4608817	0.4391539	0.5117523	0.4701361	0.6074579
L1T1309	91.70704	0.3361028	0.5613841	0.5112574	0.456915	0.5596516	0.5054247	0.2893256	0.3058998	0.4163748	0.5671013	0.4760302	0.3880775	0.4364139	0.4578968	0.4396479	0.5208439	0.4610152	0.6035991
L1T1310	91.72857	0.3421924	0.5665248	0.504748	0.4537323	0.56271	0.4985418	0.2927709	0.3089411	0.412282	0.5698272	0.4772473	0.3839843	0.4224168	0.4551557	0.4350569	0.5182421	0.4671695	0.59989
L1T1311	91.64885	0.3369729	0.5777002	0.510419	0.4623528	0.5667039	0.5110425	0.2946316	0.3108426	0.4183678	0.5752062	0.4871228	0.3809579	0.4232425	0.4654137	0.4448949	0.5154069	0.4619561	0.6079115
L1T1312	91.66451	0.3337885	0.5761118	0.5176804	0.4594753	0.5546738	0.5082341	0.2900074	0.3051667	0.4197669	0.5607262	0.4830063	0.3876947	0.433003	0.4723155	0.4393383	0.5197168	0.4705055	0.604281
L1T1313	91.69088	0.3406013	0.5952327	0.5192672	0.4569235	0.5596804	0.5034411	0.2967403	0.3032968	0.4096711	0.5616021	0.4830366	0.3853667	0.4183755	0.4611626	0.4356147	0.5079628	0.4675496	0.603598
L1T1314	91.69056	0.349596	0.5865132	0.5018358	0.4554849	0.5544155	0.499984	0.2899458	0.2909559	0.4083483	0.5664802	0.4884804	0.3889326	0.4215353	0.4660345	0.4424662	0.5199609	0.4651928	0.61328
L1T1315	91.70429	0.3407184	0.5782717	0.5234216	0.4665607	0.5626321	0.5068325	0.2889403	0.3019547	0.4006513	0.5569349	0.4707499	0.3960153	0.4203124	0.4559482	0.4260655	0.5192324	0.4719229	0.6085453
L1T1316	91.65591	0.3371362	0.5895678	0.514057	0.4554197	0.5604734	0.5071057	0.2887016	0.3045101	0.4198786	0.5712367	0.4861959	0.3919054	0.4349583	0.4555879	0.4376492	0.5143373	0.4719009	0.6034704
L1T1317	91.62952	0.3476278	0.5836417	0.532497	0.464211	0.5691805	0.4977119	0.2854836	0.2999448	0.4150763	0.5648254	0.4877174	0.3906206	0.4306542	0.4570641	0.4409837	0.5209392	0.4724745	0.6098283
L1T1318	91.69363	0.3393538	0.5817016	0.5074715	0.4626438	0.5696176	0.501513	0.2882892	0.2975332	0.4170922	0.5723463	0.478069	0.3850724	0.4263362	0.4628665	0.4331299	0.5012903	0.4709968	0.6110484
L1T1319	91.67168	0.3401913	0.5782024	0.5256335	0.4592806	0.5650323	0.4988468	0.29577	0.3045873	0.4210537	0.5680458	0.4843931	0.3916999	0.4250159	0.4580528	0.4315452	0.5143049	0.4652518	0.6014176
L1T1320	91.66669	0.3437354	0.5829502	0.5135673	0.4629803	0.5788229	0.4990103	0.2906943	0.3068687	0.41072	0.5559556	0.47737	0.3854544	0.4259463	0.4673864	0.4384955	0.5257818	0.4673864	0.6001844
L1T1321	91.64712	0.341636	0.5703396	0.5090588	0.4595778	0.5723433	0.5041608	0.2913758	0.3032312	0.4176664	0.5751819	0.4841235	0.3891133	0.4374811	0.4721568	0.4341972	0.5211368	0.4722124	0.5978909
L1T1322	91.68837	0.3429804	0.5774782	0.5234013	0.4562845	0.5601101	0.4974312	0.2915882	0.3056142	0.4151926	0.5727664	0.4663109	0.3801275	0.4321773	0.467845	0.4380397	0.5209906	0.4642289	0.5990652
L1T1323	91.67914	0.3378913	0.5814186	0.5203176	0.4515447	0.5605949	0.5142349	0.2949836	0.3105466	0.4066094	0.5654721	0.4809718	0.3800319	0.420638	0.4649705	0.4317074	0.5232219	0.4775195	0.5981871
L1T1324	91.69618	0.3378627	0.5809436	0.5163272	0.4624252	0.5690204	0.5056677	0.2956093	0.3045105	0.4071496	0.5708336	0.4824255	0.3801711	0.4189629	0.4640186	0.4361061	0.5119315	0.461601	0.5982516
L1T1325	91.64711	0.3404859	0.5817737	0.5202787	0.4549196	0.5647715	0.5036629	0.2922393	0.3014581	0.4146221	0.5683045	0.4920153	0.3885668	0.4315691	0.461599	0.4428855	0.5092935	0.4741299	0.6103132
L1T1326	91.69829	0.3363607	0.5842255	0.5157929	0.4531625	0.555974	0.5067372	0.2878832	0.3029036	0.4165602	0.5667649	0.4889513	0.3800123	0.4360272	0.4617301	0.4371659	0.5142204	0.4618928	0.5953417
L1T1327	91.69158	0.3432716	0.5967504	0.519839	0.4590429	0.5611782	0.508305	0.2833918	0.3011779	0.3957137	0.5685083	0.4761284	0.3793828	0.4282137	0.4636242	0.440125	0.5105148	0.4671814	0.6060747
L1T1328	91.71158	0.3384468	0.5801706	0.5291179	0.4556462	0.5615253	0.5097511	0.2925547	0.3066497	0.4070351	0.5584177	0.4783425	0.3855041	0.4205197	0.460807	0.4372228	0.5135246	0.4668001	0.5863858
L1T1329	91.70531	0.3428476	0.5824528	0.5089972	0.4537415	0.5654553	0.4980117	0.2889036	0.2998345	0.4070666	0.5661658	0.4741277	0.3864072	0.4271248	0.460628	0.4338473	0.5265413	0.4687169	0.6038228
L1T1330	91.70805	0.3487226	0.5780023	0.5144385	0.4594377	0.5592845	0.5019783	0.2911968	0.3109576	0.4126706	0.5665301	0.4819431	0.3805594	0.4233743	0.4589437	0.4226059	0.5209157	0.4763442	0.5840403
L1T1331	91.70793	0.3414274	0.5789302	0.5122503	0.4555642	0.5642945	0.5109943	0.2873626	0.3047835	0.4004072	0.572923	0.488713	0.3818941	0.4236168	0.4614076	0.426402	0.5063523	0.4722205	0.6025222
L1T1332	91.72651	0.3411726	0.5879887	0.5173696	0.4615326	0.5658157	0.4932545	0.2851737	0.3004952	0.401973	0.5564286	0.4827345	0.3888634	0.4257105	0.4640142	0.4356371	0.5051233	0.4658485	0.5943547
L1T1333	91.74752	0.3528517	0.581462	0.5159755	0.4595904	0.5581971	0.4981498	0.2854264	0.2993746	0.3999739	0.564498	0.4759081	0.3784323	0.4146761	0.4571131	0.4340097	0.5152754	0.465999	0.5955718
L1T1334	91.72166	0.3404724	0.5922896	0.5111658	0.4489781	0.5628634	0.5028275	0.2907114	0.3003946	0.4036284	0.5636165	0.4827079	0.3827557	0.4301496	0.4572626	0.4381114	0.5144473	0.4601138	0.5958401
L1T1335	91.75716	0.3357164	0.5844658	0.508397	0.4499286	0.569045	0.4927582	0.2853126	0.303349	0.410314	0.5608169	0.4810972	0.3827417	0.4238821	0.4503645	0.4308569	0.5122658	0.4589741	0.6025567
L1T1336	91.72724	0.3389635	0.5821557	0.5105607	0.4572628	0.557265	0.5086376	0.2940175	0.3068199	0.4063826	0.5575947	0.4737467	0.3850085	0.4246247	0.4620981	0.4349546	0.5072089	0.4711642	0.5942988
L1T1337	91.81943	0.335474	0.5709373	0.4983112	0.4564994	0.5679975	0.5104519	0.2840259	0.2980176	0.4051603	0.5562379	0.47011	0.3788646	0.4183353	0.4529062	0.4255217	0.5069675	0.4597115	0.5850379
L1T1338	91.71396	0.3402039	0.5878536	0.5154174	0.4547351	0.5622139	0.5065611	0.2949382	0.299913	0.4047131	0.5587151	0.4760012	0.3794561	0.4218791	0.4539697	0.4348903	0.5144334	0.4741425	0.6060036
L1T1339	91.69025	0.3395874	0.5905096	0.5094365	0.4520258	0.5611947	0.5070536	0.2943127	0.30595	0.4183331	0.5559302	0.4755221	0.3830333	0.4182222	0.4644389	0.4334061	0.5218496	0.4766304	0.6023132
L1T1340	91.70772	0.3305262	0.5850109	0.5148273	0.4490094	0.5622979	0.5090247	0.2881949	0.3086421	0.4144149	0.5708084	0.4855933	0.3771126	0.4161833	0.4633224	0.430828	0.5154351	0.4725513	0.598495
L1T1341	91.6931	0.3368106	0.5942106	0.5177025	0.4608555	0.5653489	0.5053802	0.2937646	0.3019795	0.4078968	0.5542314	0.4904839	0.3859357	0.4255314	0.4592125	0.4257505	0.5201122	0.4680298	0.5936629
L1T1342	91.73078	0.3404758	0.5934819	0.5199527	0.4507969	0.5677876	0.5026774	0.288322	0.2981623	0.4064607	0.5566899	0.4787326	0.3824066	0.4117089	0.4630974	0.434779	0.5110964	0.4671975	0.5953953
L1T1343	91.71103	0.3418553	0.5937082	0.5200448	0.4570541	0.568897	0.5040908	0.2861814	0.3073617	0.4198648	0.5554186	0.4811501	0.3789346	0.4172241	0.4581544	0.4309226	0.5060713	0.4707525	0.5912876
L1T1344	91.72606	0.3382379	0.5921931	0.5110647	0.463417	0.5704998	0.502321	0.2873252	0.3097932	0.3972303	0.5551706	0.4954035	0.3738769	0.4199751	0.458547	0.4256751	0.5122268	0.463915	0.597063
L1T1345	91.74642	0.3350041	0.587508	0.514681	0.455252	0.566327	0.5053414	0.2935872	0.3038164	0.4008263	0.5619908	0.4796574	0.3927653	0.4224521	0.4531395	0.42929	0.5122349	0.4586432	0.5810592
L1T1346	91.66894	0.3381847	0.5994583	0.5171015	0.4499025	0.5732972	0.5050876	0.2905222	0.3042764	0.4108855	0.5795848	0.4867862	0.3858472	0.4168363	0.4595585	0.4328922	0.515305	0.4694952	0.5960337
L1T1347	91.72144	0.333133	0.587306	0.5238045	0.4588016	0.5686226	0.4981147	0.2864243	0.2992136	0.4101467	0.5571678	0.4873828	0.3888497	0.4321109	0.4527405	0.4341127	0.5069004	0.4625827	0.5911428
L1T1348	91.68284	0.3402356	0.6123462	0.5181734	0.4546679	0.5659277	0.5048155	0.2842996	0.3088447	0.406357	0.565872	0.4842221	0.3838156	0.4254476	0.4565046	0.4295106	0.5096021	0.4773206	0.5891926
L1T1349	91.70899	0.3365917	0.599101	0.5159666	0.453824	0.5701123	0.4957522	0.2862223	0.3064923	0.4062869	0.5611713	0.483146	0.3922923	0.4143393	0.466819	0.430111	0.5121903	0.4682629	0.5923259
L1T1350	91.65707	0.3401485	0.6050105	0.51308	0.4494443	0.5744965	0.5153547	0.2967076	0.3036426	0.408389	0.5678389	0.4828988	0.393021	0.4289722	0.4584876	0.4291941	0.506145	0.4765741	0.5935261
