instrument=PC24B102
position=2E
flow_cell_id=PAW72062
sample_id=sample3
protocol_group_id=20240619_HSR
protocol=sequencing/sequencing_PRO114_DNA_e8_2_400K:FLO-PRO114M:SQK-LSK114:400
protocol_run_id=0688e2f7-9cd5-42af-a274-0d986372a530
acquisition_run_id=b50ca62e3147a1baa2b9480bb07aeef6b43b90cc
started=2024-06-19T12:10:40.563139+02:00
acquisition_stopped=2024-06-22T08:25:04.465329+02:00
processing_stopped=2024-06-22T08:25:28.183002+02:00
basecalling_enabled=1
sequencing_summary_file=sequencing_summary_PAW72062_0688e2f7_b50ca62e.txt
fast5_files_in_final_dest=0
fast5_files_in_fallback=0
pod5_files_in_final_dest=69
pod5_files_in_fallback=0
fastq_files_in_final_dest=820
fastq_files_in_fallback=0
bam_files_in_final_dest=1640
bam_files_in_fallback=0
