instrument=PC24B102
position=2B
flow_cell_id=PBE45781
sample_id=Pich31-12-24
protocol_group_id=20250929_ORID0085C
protocol=sequencing/sequencing_PRO114_DNA_e8_2_400K:FLO-PRO114M:SQK-LSK114:400
protocol_run_id=84291f8c-b7a7-4891-90bb-8f68c00020fe
acquisition_run_id=26f25936952b009c7c9e44bf5f825d313f73d96f
started=2025-09-29T13:57:23.091430+02:00
acquisition_stopped=2025-10-02T11:33:19.325377+02:00
processing_stopped=2025-10-02T12:44:41.948932+02:00
basecalling_enabled=1
sequencing_summary_file=sequencing_summary_PBE45781_84291f8c_26f25936.txt
fast5_files_in_final_dest=0
fast5_files_in_fallback=0
pod5_files_in_final_dest=221
pod5_files_in_fallback=0
fastq_files_in_final_dest=850
fastq_files_in_fallback=0
bam_files_in_final_dest=0
